100 20
0 1 380.93
0 2 489.29
0 3 241.22
0 4 442.10
0 5 466.77
0 6 395.09
0 7 575.62
0 8 664.57
0 9 588.96
0 10 349.68
0 11 439.97
0 12 106.78
0 13 412.39
0 14 953.48
0 15 77.13
0 16 550.12
0 17 653.56
0 18 550.39
0 19 268.63
0 20 880.41
0 21 436.54
0 22 222.66
0 23 817.28
0 24 828.70
0 25 353.68
0 26 440.81
0 27 574.09
0 28 585.48
0 29 979.05
0 30 315.01
0 31 256.24
0 32 397.87
0 33 90.45
0 34 887.13
0 35 874.45
0 36 658.09
0 37 835.83
0 38 505.29
0 39 187.82
0 40 999.73
0 41 824.93
0 42 300.99
0 43 564.91
0 44 498.83
0 45 270.44
0 46 380.06
0 47 579.63
0 48 409.38
0 49 880.18
0 50 612.67
0 51 689.67
0 52 455.35
0 53 505.73
0 54 516.27
0 55 322.80
0 56 529.32
0 57 366.93
0 58 182.85
0 59 194.50
0 60 999.81
0 61 329.27
0 62 308.89
0 63 299.20
0 64 862.81
0 65 460.89
0 66 291.95
0 67 142.10
0 68 653.39
0 69 936.65
0 70 83.16
0 71 946.35
0 72 899.02
0 73 547.70
0 74 94.07
0 75 88.74
0 76 297.60
0 77 503.22
0 78 605.43
0 79 720.04
0 80 614.47
0 81 888.54
0 82 341.12
0 83 692.19
0 84 689.21
0 85 791.70
0 86 701.73
0 87 279.65
0 88 11.91
0 89 994.53
0 90 745.35
0 91 768.40
0 92 17.79
0 93 986.43
0 94 926.20
0 95 418.06
0 96 163.83
0 97 318.69
0 98 790.11
0 99 266.20
1 2 454.96
1 3 439.10
1 4 280.52
1 5 644.36
1 6 974.25
1 7 632.40
1 8 585.95
1 9 635.37
1 10 892.05
1 11 703.95
1 12 682.30
1 13 267.59
1 14 703.60
1 15 421.51
1 16 349.82
1 17 21.22
1 18 526.06
1 19 926.07
1 20 565.25
1 21 267.14
1 22 585.77
1 23 783.68
1 24 672.14
1 25 620.32
1 26 913.45
1 27 69.37
1 28 758.83
1 29 815.39
1 30 910.25
1 31 520.83
1 32 323.23
1 33 996.18
1 34 65.51
1 35 652.36
1 36 201.53
1 37 349.15
1 38 485.88
1 39 795.23
1 40 972.03
1 41 73.20
1 42 95.33
1 43 224.25
1 44 998.75
1 45 130.31
1 46 308.19
1 47 829.46
1 48 230.33
1 49 259.83
1 50 523.96
1 51 975.59
1 52 101.61
1 53 640.26
1 54 358.86
1 55 911.23
1 56 405.46
1 57 476.38
1 58 497.01
1 59 432.36
1 60 538.64
1 61 397.95
1 62 271.78
1 63 588.99
1 64 781.77
1 65 384.35
1 66 990.36
1 67 257.42
1 68 513.41
1 69 192.54
1 70 971.87
1 71 810.42
1 72 140.93
1 73 187.83
1 74 8.63
1 75 390.68
1 76 922.64
1 77 71.30
1 78 894.34
1 79 462.83
1 80 636.50
1 81 210.62
1 82 999.22
1 83 736.96
1 84 988.01
1 85 96.09
1 86 253.44
1 87 363.69
1 88 857.15
1 89 681.33
1 90 235.01
1 91 553.16
1 92 581.94
1 93 1.07
1 94 566.11
1 95 627.92
1 96 712.59
1 97 508.26
1 98 522.94
1 99 50.10
2 3 317.31
2 4 669.58
2 5 64.10
2 6 64.24
2 7 154.09
2 8 882.45
2 9 378.06
2 10 294.47
2 11 468.84
2 12 765.34
2 13 322.93
2 14 623.23
2 15 346.49
2 16 870.88
2 17 791.87
2 18 388.21
2 19 706.68
2 20 824.77
2 21 825.40
2 22 767.61
2 23 346.67
2 24 743.92
2 25 161.22
2 26 624.48
2 27 674.91
2 28 934.82
2 29 18.81
2 30 149.87
2 31 904.62
2 32 303.21
2 33 126.30
2 34 519.80
2 35 348.81
2 36 247.77
2 37 313.09
2 38 982.70
2 39 736.71
2 40 842.50
2 41 6.71
2 42 207.92
2 43 555.85
2 44 850.92
2 45 336.07
2 46 31.98
2 47 873.61
2 48 348.51
2 49 267.19
2 50 177.87
2 51 638.80
2 52 506.59
2 53 416.89
2 54 15.33
2 55 698.41
2 56 235.05
2 57 830.57
2 58 316.45
2 59 556.66
2 60 151.53
2 61 673.38
2 62 27.00
2 63 540.32
2 64 432.84
2 65 260.63
2 66 277.19
2 67 940.99
2 68 995.27
2 69 231.55
2 70 650.87
2 71 202.21
2 72 291.80
2 73 263.07
2 74 359.50
2 75 246.35
2 76 636.95
2 77 883.22
2 78 550.05
2 79 613.87
2 80 376.62
2 81 150.01
2 82 64.20
2 83 917.47
2 84 734.53
2 85 568.42
2 86 79.58
2 87 557.06
2 88 954.98
2 89 832.48
2 90 330.90
2 91 873.31
2 92 684.91
2 93 419.95
2 94 19.39
2 95 436.07
2 96 765.59
2 97 153.09
2 98 898.26
2 99 18.35
3 4 6.81
3 5 279.46
3 6 727.30
3 7 928.51
3 8 462.13
3 9 108.25
3 10 929.17
3 11 520.14
3 12 711.22
3 13 630.07
3 14 243.64
3 15 426.96
3 16 140.62
3 17 301.11
3 18 251.12
3 19 69.66
3 20 377.35
3 21 372.90
3 22 540.39
3 23 197.59
3 24 237.30
3 25 391.26
3 26 335.12
3 27 852.49
3 28 276.47
3 29 735.19
3 30 767.15
3 31 101.99
3 32 475.01
3 33 416.39
3 34 462.64
3 35 113.00
3 36 968.70
3 37 862.92
3 38 586.52
3 39 333.34
3 40 931.85
3 41 400.84
3 42 306.97
3 43 790.94
3 44 753.04
3 45 302.29
3 46 831.46
3 47 233.88
3 48 773.01
3 49 195.32
3 50 994.77
3 51 715.28
3 52 899.74
3 53 503.98
3 54 972.39
3 55 970.53
3 56 625.14
3 57 235.27
3 58 497.77
3 59 652.66
3 60 626.21
3 61 757.58
3 62 15.69
3 63 894.13
3 64 208.78
3 65 987.03
3 66 628.29
3 67 552.17
3 68 249.26
3 69 705.30
3 70 621.32
3 71 24.35
3 72 372.80
3 73 858.86
3 74 911.74
3 75 276.14
3 76 278.87
3 77 154.37
3 78 392.85
3 79 160.38
3 80 532.80
3 81 129.76
3 82 747.33
3 83 653.72
3 84 228.37
3 85 274.70
3 86 603.98
3 87 595.10
3 88 55.05
3 89 5.73
3 90 578.43
3 91 206.95
3 92 541.00
3 93 717.43
3 94 747.94
3 95 204.49
3 96 687.22
3 97 358.70
3 98 329.90
3 99 871.76
4 5 556.70
4 6 120.86
4 7 818.28
4 8 216.36
4 9 444.50
4 10 618.63
4 11 896.36
4 12 472.92
4 13 403.33
4 14 591.18
4 15 579.37
4 16 920.44
4 17 853.10
4 18 940.50
4 19 958.56
4 20 319.79
4 21 9.21
4 22 386.94
4 23 319.24
4 24 420.64
4 25 431.74
4 26 1.47
4 27 539.82
4 28 169.26
4 29 247.09
4 30 969.71
4 31 980.37
4 32 539.21
4 33 394.72
4 34 723.27
4 35 598.25
4 36 299.73
4 37 13.09
4 38 83.66
4 39 472.88
4 40 719.85
4 41 769.14
4 42 111.61
4 43 199.26
4 44 953.85
4 45 829.28
4 46 57.42
4 47 131.16
4 48 734.59
4 49 526.26
4 50 817.18
4 51 936.34
4 52 236.17
4 53 141.37
4 54 222.21
4 55 753.32
4 56 662.11
4 57 945.93
4 58 15.73
4 59 328.23
4 60 343.18
4 61 679.25
4 62 662.08
4 63 91.97
4 64 19.44
4 65 385.86
4 66 180.23
4 67 839.78
4 68 990.12
4 69 127.81
4 70 89.88
4 71 555.03
4 72 114.93
4 73 436.88
4 74 136.21
4 75 705.63
4 76 977.19
4 77 101.44
4 78 407.23
4 79 721.04
4 80 630.05
4 81 816.58
4 82 154.15
4 83 222.94
4 84 900.00
4 85 661.17
4 86 788.63
4 87 332.93
4 88 802.58
4 89 926.42
4 90 905.91
4 91 906.39
4 92 115.10
4 93 807.28
4 94 685.41
4 95 469.56
4 96 255.43
4 97 987.46
4 98 542.69
4 99 633.11
5 6 641.07
5 7 241.42
5 8 795.83
5 9 186.61
5 10 1.12
5 11 855.52
5 12 688.93
5 13 825.85
5 14 894.19
5 15 415.23
5 16 943.90
5 17 556.94
5 18 569.30
5 19 604.89
5 20 668.49
5 21 84.99
5 22 944.14
5 23 687.39
5 24 6.26
5 25 490.57
5 26 117.97
5 27 520.72
5 28 831.64
5 29 298.69
5 30 808.77
5 31 110.38
5 32 792.30
5 33 729.75
5 34 546.99
5 35 645.59
5 36 632.20
5 37 790.33
5 38 519.74
5 39 426.86
5 40 268.35
5 41 250.44
5 42 243.87
5 43 867.91
5 44 288.36
5 45 950.39
5 46 240.33
5 47 663.25
5 48 447.17
5 49 615.71
5 50 930.42
5 51 283.02
5 52 934.91
5 53 519.48
5 54 964.12
5 55 18.48
5 56 615.51
5 57 600.94
5 58 670.56
5 59 574.23
5 60 130.71
5 61 214.86
5 62 470.09
5 63 126.85
5 64 195.37
5 65 859.37
5 66 603.93
5 67 802.62
5 68 51.94
5 69 218.22
5 70 551.37
5 71 857.15
5 72 728.17
5 73 120.11
5 74 749.32
5 75 201.54
5 76 768.57
5 77 669.30
5 78 737.36
5 79 992.35
5 80 380.28
5 81 961.52
5 82 349.21
5 83 443.65
5 84 882.41
5 85 670.23
5 86 388.37
5 87 423.23
5 88 874.42
5 89 53.08
5 90 372.11
5 91 226.13
5 92 994.55
5 93 689.97
5 94 129.04
5 95 934.00
5 96 441.96
5 97 403.70
5 98 259.47
5 99 563.28
6 7 65.72
6 8 48.10
6 9 510.76
6 10 931.64
6 11 700.96
6 12 436.48
6 13 474.30
6 14 40.29
6 15 281.13
6 16 903.93
6 17 925.53
6 18 257.28
6 19 63.07
6 20 605.52
6 21 164.02
6 22 963.86
6 23 211.30
6 24 534.67
6 25 897.37
6 26 680.46
6 27 70.08
6 28 413.39
6 29 734.08
6 30 323.58
6 31 141.39
6 32 143.67
6 33 366.89
6 34 754.59
6 35 410.82
6 36 233.09
6 37 56.81
6 38 808.02
6 39 484.51
6 40 533.51
6 41 895.70
6 42 529.65
6 43 493.95
6 44 9.31
6 45 930.44
6 46 74.67
6 47 644.56
6 48 890.27
6 49 137.10
6 50 348.03
6 51 823.53
6 52 155.53
6 53 605.25
6 54 778.43
6 55 920.45
6 56 867.75
6 57 669.08
6 58 18.52
6 59 963.91
6 60 892.52
6 61 20.68
6 62 614.09
6 63 644.92
6 64 832.46
6 65 512.56
6 66 404.98
6 67 638.44
6 68 52.39
6 69 370.18
6 70 576.47
6 71 57.84
6 72 256.93
6 73 921.62
6 74 595.63
6 75 939.47
6 76 236.51
6 77 254.35
6 78 422.05
6 79 5.27
6 80 460.40
6 81 240.46
6 82 118.17
6 83 248.64
6 84 525.57
6 85 553.64
6 86 953.06
6 87 342.12
6 88 803.38
6 89 338.76
6 90 777.28
6 91 984.86
6 92 932.57
6 93 747.51
6 94 324.72
6 95 735.20
6 96 789.75
6 97 461.33
6 98 754.35
6 99 135.17
7 8 295.99
7 9 349.25
7 10 462.67
7 11 310.01
7 12 142.19
7 13 91.42
7 14 322.42
7 15 188.26
7 16 54.18
7 17 322.53
7 18 683.43
7 19 943.11
7 20 739.79
7 21 578.88
7 22 301.70
7 23 971.83
7 24 831.64
7 25 967.62
7 26 143.74
7 27 700.82
7 28 477.05
7 29 485.82
7 30 404.17
7 31 104.05
7 32 783.68
7 33 404.13
7 34 787.30
7 35 135.99
7 36 320.62
7 37 689.29
7 38 849.81
7 39 135.71
7 40 533.33
7 41 847.81
7 42 838.61
7 43 516.04
7 44 3.17
7 45 224.53
7 46 717.62
7 47 870.80
7 48 928.80
7 49 794.92
7 50 869.45
7 51 519.37
7 52 525.30
7 53 585.93
7 54 185.77
7 55 712.22
7 56 88.38
7 57 915.93
7 58 38.28
7 59 587.44
7 60 699.96
7 61 14.13
7 62 329.04
7 63 380.83
7 64 840.91
7 65 479.18
7 66 527.81
7 67 596.47
7 68 574.89
7 69 393.84
7 70 965.44
7 71 13.81
7 72 41.15
7 73 685.22
7 74 171.94
7 75 429.22
7 76 812.39
7 77 629.34
7 78 746.82
7 79 972.54
7 80 343.56
7 81 662.41
7 82 385.87
7 83 532.97
7 84 253.84
7 85 264.47
7 86 628.58
7 87 618.05
7 88 463.06
7 89 307.44
7 90 235.71
7 91 154.09
7 92 848.08
7 93 854.44
7 94 551.88
7 95 51.11
7 96 710.48
7 97 195.39
7 98 444.41
7 99 921.46
8 9 176.89
8 10 420.36
8 11 162.15
8 12 183.56
8 13 525.73
8 14 934.94
8 15 838.00
8 16 680.92
8 17 752.08
8 18 966.52
8 19 990.59
8 20 432.29
8 21 702.16
8 22 318.29
8 23 30.64
8 24 19.30
8 25 364.96
8 26 459.31
8 27 172.72
8 28 823.74
8 29 509.50
8 30 490.72
8 31 963.50
8 32 884.19
8 33 206.90
8 34 140.56
8 35 173.07
8 36 189.72
8 37 45.81
8 38 615.51
8 39 885.61
8 40 572.83
8 41 201.27
8 42 458.22
8 43 592.62
8 44 424.60
8 45 911.36
8 46 600.93
8 47 862.54
8 48 30.18
8 49 603.36
8 50 176.91
8 51 561.03
8 52 799.32
8 53 796.73
8 54 419.15
8 55 150.81
8 56 373.89
8 57 189.27
8 58 238.45
8 59 811.57
8 60 313.68
8 61 149.36
8 62 996.34
8 63 931.01
8 64 637.48
8 65 242.74
8 66 219.33
8 67 914.77
8 68 648.33
8 69 820.19
8 70 695.55
8 71 557.26
8 72 977.90
8 73 127.16
8 74 499.07
8 75 590.78
8 76 176.84
8 77 316.03
8 78 842.39
8 79 337.11
8 80 231.75
8 81 928.38
8 82 592.57
8 83 423.00
8 84 309.94
8 85 982.85
8 86 49.68
8 87 531.28
8 88 887.16
8 89 153.70
8 90 763.81
8 91 519.61
8 92 299.14
8 93 486.60
8 94 670.63
8 95 201.10
8 96 876.45
8 97 651.76
8 98 456.16
8 99 417.86
9 10 105.57
9 11 361.14
9 12 142.46
9 13 952.82
9 14 654.37
9 15 626.96
9 16 774.27
9 17 673.67
9 18 388.46
9 19 964.04
9 20 678.25
9 21 994.00
9 22 460.46
9 23 863.54
9 24 37.25
9 25 990.98
9 26 597.30
9 27 322.27
9 28 537.50
9 29 51.25
9 30 209.15
9 31 756.00
9 32 741.66
9 33 49.35
9 34 561.24
9 35 856.72
9 36 202.84
9 37 794.53
9 38 609.57
9 39 12.20
9 40 962.50
9 41 538.50
9 42 71.62
9 43 288.72
9 44 201.00
9 45 477.85
9 46 792.95
9 47 795.75
9 48 611.38
9 49 330.73
9 50 29.52
9 51 480.37
9 52 937.60
9 53 832.67
9 54 271.11
9 55 67.31
9 56 694.49
9 57 432.44
9 58 75.01
9 59 644.91
9 60 318.52
9 61 183.80
9 62 747.99
9 63 869.84
9 64 346.33
9 65 210.43
9 66 458.75
9 67 513.00
9 68 790.79
9 69 994.67
9 70 263.75
9 71 317.16
9 72 146.86
9 73 710.17
9 74 260.61
9 75 307.71
9 76 865.94
9 77 116.97
9 78 496.17
9 79 551.59
9 80 837.95
9 81 217.64
9 82 417.40
9 83 391.83
9 84 112.81
9 85 311.62
9 86 625.18
9 87 132.91
9 88 418.78
9 89 357.70
9 90 921.16
9 91 260.95
9 92 448.45
9 93 888.21
9 94 750.49
9 95 80.77
9 96 720.37
9 97 105.01
9 98 115.18
9 99 384.16
10 11 995.47
10 12 675.33
10 13 446.68
10 14 972.34
10 15 749.27
10 16 919.26
10 17 41.92
10 18 33.52
10 19 894.92
10 20 636.79
10 21 662.26
10 22 158.74
10 23 305.83
10 24 213.54
10 25 326.28
10 26 623.96
10 27 379.20
10 28 82.30
10 29 857.51
10 30 175.12
10 31 107.21
10 32 297.40
10 33 514.16
10 34 667.08
10 35 493.43
10 36 726.58
10 37 817.50
10 38 780.36
10 39 119.01
10 40 544.00
10 41 334.56
10 42 555.87
10 43 488.81
10 44 889.83
10 45 492.66
10 46 736.66
10 47 62.49
10 48 483.12
10 49 160.80
10 50 90.44
10 51 119.55
10 52 682.25
10 53 358.06
10 54 688.43
10 55 578.64
10 56 567.59
10 57 255.18
10 58 134.19
10 59 233.94
10 60 251.70
10 61 603.55
10 62 633.01
10 63 714.51
10 64 22.50
10 65 18.29
10 66 76.30
10 67 908.70
10 68 631.89
10 69 586.64
10 70 383.52
10 71 39.39
10 72 513.24
10 73 210.85
10 74 146.37
10 75 276.22
10 76 501.70
10 77 224.35
10 78 148.35
10 79 122.99
10 80 361.05
10 81 702.35
10 82 158.60
10 83 729.55
10 84 144.12
10 85 132.38
10 86 794.36
10 87 295.18
10 88 862.43
10 89 305.53
10 90 997.32
10 91 203.63
10 92 867.42
10 93 381.10
10 94 277.79
10 95 755.62
10 96 432.95
10 97 631.50
10 98 122.16
10 99 264.05
11 12 509.64
11 13 304.93
11 14 430.79
11 15 35.09
11 16 449.02
11 17 252.23
11 18 249.67
11 19 666.50
11 20 383.17
11 21 202.30
11 22 929.97
11 23 999.94
11 24 729.68
11 25 554.94
11 26 813.93
11 27 572.15
11 28 946.40
11 29 650.12
11 30 269.95
11 31 141.08
11 32 513.38
11 33 752.65
11 34 588.38
11 35 709.60
11 36 879.47
11 37 824.65
11 38 136.20
11 39 171.21
11 40 529.45
11 41 650.71
11 42 433.97
11 43 720.05
11 44 955.31
11 45 857.61
11 46 226.69
11 47 992.08
11 48 784.89
11 49 471.16
11 50 27.54
11 51 696.04
11 52 66.70
11 53 228.37
11 54 450.00
11 55 161.29
11 56 770.39
11 57 620.78
11 58 943.40
11 59 73.71
11 60 909.43
11 61 849.84
11 62 639.75
11 63 793.15
11 64 867.65
11 65 966.26
11 66 64.89
11 67 230.25
11 68 383.46
11 69 876.40
11 70 957.62
11 71 916.07
11 72 449.56
11 73 84.11
11 74 996.35
11 75 479.44
11 76 271.48
11 77 815.33
11 78 739.51
11 79 95.73
11 80 839.11
11 81 954.59
11 82 785.49
11 83 838.73
11 84 357.44
11 85 335.01
11 86 853.28
11 87 418.94
11 88 942.33
11 89 511.05
11 90 919.86
11 91 150.29
11 92 49.39
11 93 686.16
11 94 586.60
11 95 6.20
11 96 274.09
11 97 639.51
11 98 108.23
11 99 846.40
12 13 462.23
12 14 8.34
12 15 435.21
12 16 745.62
12 17 809.74
12 18 633.24
12 19 79.57
12 20 455.18
12 21 864.04
12 22 567.67
12 23 701.54
12 24 40.81
12 25 603.90
12 26 747.50
12 27 661.26
12 28 559.01
12 29 834.14
12 30 358.86
12 31 719.61
12 32 375.06
12 33 814.60
12 34 444.53
12 35 878.34
12 36 597.66
12 37 640.61
12 38 309.25
12 39 913.03
12 40 403.88
12 41 781.99
12 42 386.66
12 43 612.93
12 44 478.19
12 45 817.53
12 46 194.12
12 47 530.92
12 48 137.83
12 49 334.73
12 50 842.22
12 51 241.65
12 52 988.29
12 53 593.49
12 54 932.06
12 55 63.71
12 56 456.87
12 57 561.21
12 58 925.19
12 59 424.45
12 60 959.23
12 61 631.71
12 62 901.46
12 63 830.22
12 64 626.23
12 65 60.19
12 66 296.01
12 67 625.98
12 68 528.17
12 69 74.29
12 70 459.99
12 71 128.16
12 72 470.83
12 73 596.36
12 74 175.20
12 75 423.20
12 76 959.01
12 77 878.11
12 78 329.32
12 79 843.12
12 80 252.01
12 81 139.32
12 82 938.10
12 83 536.30
12 84 700.26
12 85 645.20
12 86 926.83
12 87 422.99
12 88 252.51
12 89 117.14
12 90 81.57
12 91 459.30
12 92 791.77
12 93 740.38
12 94 576.46
12 95 767.33
12 96 775.38
12 97 348.55
12 98 959.57
12 99 395.20
13 14 173.40
13 15 970.02
13 16 252.12
13 17 495.11
13 18 11.79
13 19 572.37
13 20 252.90
13 21 967.72
13 22 371.12
13 23 360.07
13 24 380.38
13 25 137.81
13 26 660.22
13 27 182.22
13 28 852.65
13 29 154.24
13 30 293.22
13 31 36.36
13 32 195.73
13 33 779.08
13 34 49.73
13 35 802.82
13 36 290.28
13 37 782.16
13 38 83.87
13 39 372.71
13 40 737.59
13 41 943.50
13 42 888.18
13 43 778.06
13 44 254.83
13 45 435.95
13 46 873.99
13 47 0.08
13 48 60.73
13 49 398.51
13 50 910.54
13 51 26.90
13 52 164.78
13 53 694.42
13 54 220.49
13 55 299.75
13 56 605.04
13 57 649.22
13 58 953.05
13 59 596.26
13 60 465.82
13 61 410.71
13 62 981.44
13 63 430.23
13 64 776.04
13 65 770.03
13 66 228.38
13 67 452.76
13 68 106.01
13 69 473.71
13 70 149.76
13 71 441.30
13 72 224.82
13 73 799.50
13 74 59.01
13 75 106.76
13 76 234.30
13 77 408.91
13 78 5.75
13 79 298.70
13 80 745.32
13 81 291.15
13 82 602.30
13 83 381.79
13 84 332.62
13 85 916.09
13 86 374.15
13 87 265.61
13 88 496.73
13 89 165.26
13 90 737.15
13 91 910.16
13 92 806.77
13 93 391.87
13 94 541.99
13 95 697.40
13 96 521.86
13 97 931.32
13 98 83.38
13 99 681.54
14 15 566.38
14 16 426.84
14 17 327.91
14 18 298.25
14 19 197.07
14 20 639.75
14 21 874.31
14 22 1.69
14 23 498.74
14 24 543.54
14 25 835.49
14 26 792.91
14 27 456.31
14 28 307.63
14 29 491.37
14 30 820.04
14 31 275.86
14 32 127.58
14 33 41.88
14 34 824.16
14 35 876.02
14 36 584.65
14 37 637.34
14 38 744.17
14 39 777.49
14 40 933.32
14 41 767.58
14 42 831.56
14 43 313.65
14 44 85.17
14 45 990.85
14 46 706.49
14 47 858.24
14 48 322.23
14 49 600.55
14 50 604.74
14 51 871.53
14 52 547.67
14 53 112.05
14 54 198.24
14 55 859.82
14 56 797.17
14 57 943.54
14 58 339.03
14 59 862.86
14 60 908.25
14 61 324.16
14 62 540.27
14 63 326.88
14 64 175.77
14 65 629.72
14 66 632.69
14 67 277.77
14 68 752.05
14 69 900.95
14 70 727.55
14 71 85.27
14 72 933.58
14 73 476.49
14 74 809.37
14 75 716.00
14 76 165.67
14 77 397.03
14 78 570.33
14 79 963.17
14 80 716.55
14 81 433.94
14 82 758.18
14 83 233.72
14 84 304.74
14 85 37.76
14 86 140.36
14 87 815.03
14 88 644.00
14 89 316.98
14 90 171.09
14 91 649.80
14 92 644.72
14 93 181.75
14 94 318.46
14 95 212.70
14 96 1.67
14 97 70.63
14 98 267.80
14 99 843.02
15 16 58.33
15 17 418.20
15 18 440.36
15 19 670.94
15 20 341.97
15 21 346.03
15 22 958.35
15 23 540.17
15 24 818.69
15 25 797.00
15 26 526.83
15 27 875.58
15 28 984.44
15 29 224.03
15 30 976.65
15 31 783.61
15 32 536.56
15 33 885.15
15 34 531.79
15 35 762.04
15 36 229.93
15 37 87.67
15 38 58.78
15 39 92.10
15 40 525.72
15 41 98.00
15 42 172.55
15 43 399.71
15 44 231.97
15 45 641.41
15 46 197.24
15 47 51.92
15 48 172.84
15 49 381.53
15 50 656.45
15 51 1.90
15 52 876.81
15 53 277.45
15 54 388.29
15 55 476.31
15 56 665.02
15 57 86.18
15 58 428.19
15 59 388.68
15 60 239.39
15 61 91.76
15 62 994.86
15 63 437.70
15 64 970.94
15 65 608.97
15 66 489.87
15 67 349.21
15 68 700.45
15 69 985.83
15 70 218.21
15 71 401.99
15 72 650.89
15 73 300.48
15 74 245.65
15 75 584.55
15 76 119.58
15 77 825.72
15 78 633.14
15 79 370.07
15 80 559.66
15 81 488.67
15 82 792.79
15 83 198.89
15 84 239.50
15 85 949.80
15 86 548.12
15 87 955.14
15 88 391.03
15 89 619.46
15 90 326.17
15 91 338.05
15 92 165.40
15 93 642.79
15 94 53.60
15 95 327.61
15 96 502.04
15 97 205.14
15 98 821.46
15 99 533.00
16 17 652.46
16 18 289.05
16 19 854.91
16 20 623.56
16 21 609.54
16 22 43.57
16 23 355.89
16 24 897.82
16 25 571.30
16 26 701.40
16 27 593.79
16 28 426.41
16 29 416.25
16 30 160.29
16 31 498.98
16 32 106.26
16 33 528.03
16 34 279.32
16 35 154.12
16 36 164.27
16 37 474.40
16 38 773.54
16 39 747.47
16 40 249.42
16 41 470.25
16 42 6.20
16 43 330.61
16 44 692.79
16 45 354.74
16 46 911.47
16 47 651.23
16 48 313.82
16 49 94.02
16 50 352.04
16 51 427.56
16 52 260.05
16 53 164.64
16 54 552.71
16 55 377.96
16 56 136.41
16 57 626.84
16 58 831.88
16 59 741.37
16 60 435.25
16 61 661.58
16 62 751.94
16 63 695.44
16 64 398.12
16 65 372.97
16 66 396.43
16 67 628.63
16 68 401.25
16 69 243.83
16 70 278.14
16 71 20.80
16 72 136.19
16 73 42.15
16 74 762.56
16 75 900.90
16 76 165.22
16 77 683.59
16 78 334.78
16 79 871.83
16 80 376.88
16 81 749.84
16 82 266.66
16 83 324.28
16 84 301.25
16 85 203.36
16 86 180.96
16 87 657.05
16 88 73.04
16 89 97.97
16 90 970.60
16 91 519.55
16 92 12.42
16 93 890.47
16 94 904.16
16 95 287.88
16 96 17.25
16 97 714.65
16 98 572.71
16 99 84.46
17 18 783.14
17 19 400.50
17 20 209.51
17 21 264.36
17 22 275.79
17 23 697.87
17 24 554.59
17 25 933.84
17 26 164.22
17 27 415.80
17 28 675.02
17 29 547.76
17 30 436.03
17 31 123.43
17 32 675.51
17 33 355.05
17 34 319.28
17 35 682.95
17 36 849.12
17 37 271.19
17 38 29.76
17 39 784.92
17 40 353.49
17 41 401.26
17 42 500.51
17 43 583.05
17 44 765.22
17 45 216.65
17 46 178.87
17 47 213.11
17 48 879.70
17 49 47.81
17 50 996.22
17 51 273.12
17 52 244.62
17 53 17.04
17 54 234.49
17 55 611.15
17 56 840.93
17 57 434.99
17 58 540.73
17 59 801.73
17 60 914.19
17 61 284.97
17 62 790.24
17 63 673.12
17 64 623.45
17 65 54.34
17 66 33.06
17 67 123.02
17 68 610.49
17 69 323.01
17 70 849.53
17 71 659.48
17 72 248.62
17 73 659.58
17 74 402.94
17 75 698.58
17 76 723.52
17 77 549.49
17 78 803.99
17 79 879.08
17 80 384.00
17 81 552.80
17 82 84.87
17 83 19.20
17 84 897.86
17 85 89.85
17 86 21.99
17 87 235.84
17 88 378.71
17 89 725.21
17 90 544.32
17 91 677.06
17 92 311.10
17 93 136.84
17 94 242.60
17 95 356.41
17 96 168.73
17 97 841.41
17 98 665.83
17 99 362.47
18 19 988.80
18 20 56.31
18 21 116.33
18 22 106.18
18 23 928.35
18 24 375.96
18 25 941.14
18 26 131.14
18 27 588.60
18 28 29.97
18 29 125.78
18 30 622.44
18 31 691.37
18 32 303.55
18 33 623.67
18 34 930.80
18 35 222.32
18 36 580.81
18 37 542.07
18 38 532.41
18 39 915.24
18 40 690.69
18 41 903.05
18 42 536.91
18 43 700.62
18 44 602.79
18 45 531.28
18 46 380.45
18 47 709.92
18 48 785.71
18 49 505.88
18 50 416.37
18 51 660.69
18 52 576.04
18 53 353.36
18 54 746.61
18 55 809.48
18 56 744.29
18 57 592.16
18 58 485.34
18 59 291.49
18 60 891.84
18 61 973.88
18 62 886.12
18 63 548.88
18 64 151.25
18 65 673.79
18 66 368.81
18 67 328.92
18 68 719.46
18 69 916.23
18 70 301.16
18 71 13.19
18 72 220.60
18 73 758.86
18 74 363.17
18 75 358.87
18 76 541.43
18 77 864.66
18 78 667.81
18 79 412.23
18 80 523.85
18 81 386.93
18 82 753.59
18 83 389.28
18 84 250.51
18 85 882.04
18 86 192.97
18 87 861.11
18 88 241.04
18 89 411.10
18 90 886.15
18 91 226.16
18 92 405.86
18 93 34.88
18 94 363.01
18 95 25.36
18 96 3.55
18 97 411.73
18 98 490.02
18 99 819.25
19 20 983.94
19 21 130.45
19 22 168.10
19 23 742.31
19 24 212.71
19 25 854.70
19 26 985.19
19 27 620.14
19 28 779.27
19 29 300.29
19 30 986.50
19 31 450.39
19 32 484.15
19 33 774.40
19 34 470.61
19 35 835.55
19 36 505.73
19 37 981.16
19 38 732.10
19 39 623.88
19 40 506.32
19 41 859.61
19 42 498.53
19 43 118.77
19 44 406.67
19 45 235.80
19 46 679.84
19 47 286.97
19 48 789.37
19 49 243.31
19 50 586.86
19 51 54.76
19 52 82.41
19 53 734.32
19 54 203.52
19 55 701.23
19 56 469.27
19 57 639.69
19 58 429.50
19 59 398.53
19 60 952.44
19 61 393.30
19 62 547.40
19 63 785.34
19 64 163.57
19 65 784.92
19 66 356.90
19 67 780.56
19 68 798.98
19 69 375.20
19 70 208.19
19 71 823.84
19 72 844.46
19 73 475.15
19 74 648.13
19 75 523.54
19 76 822.21
19 77 320.42
19 78 631.09
19 79 481.06
19 80 35.41
19 81 964.73
19 82 700.02
19 83 890.11
19 84 734.29
19 85 393.52
19 86 796.64
19 87 230.70
19 88 84.33
19 89 878.32
19 90 306.83
19 91 554.73
19 92 167.28
19 93 570.54
19 94 817.68
19 95 55.90
19 96 282.74
19 97 381.32
19 98 335.66
19 99 199.76
20 21 408.72
20 22 674.00
20 23 652.18
20 24 433.77
20 25 562.48
20 26 569.69
20 27 9.72
20 28 116.60
20 29 441.87
20 30 323.80
20 31 228.19
20 32 638.04
20 33 698.50
20 34 30.63
20 35 287.35
20 36 819.10
20 37 947.65
20 38 348.24
20 39 950.75
20 40 539.39
20 41 536.47
20 42 608.57
20 43 15.03
20 44 833.83
20 45 540.69
20 46 310.78
20 47 231.11
20 48 443.49
20 49 76.50
20 50 993.39
20 51 964.98
20 52 737.34
20 53 140.48
20 54 806.68
20 55 494.22
20 56 376.93
20 57 601.36
20 58 556.29
20 59 634.35
20 60 712.87
20 61 61.69
20 62 801.45
20 63 635.70
20 64 701.82
20 65 275.37
20 66 661.46
20 67 404.63
20 68 304.92
20 69 818.54
20 70 292.20
20 71 325.43
20 72 984.97
20 73 595.46
20 74 100.60
20 75 339.83
20 76 469.04
20 77 815.81
20 78 313.21
20 79 210.64
20 80 298.86
20 81 138.54
20 82 315.33
20 83 301.22
20 84 828.40
20 85 888.99
20 86 857.48
20 87 203.43
20 88 120.89
20 89 252.46
20 90 907.06
20 91 762.61
20 92 144.09
20 93 772.61
20 94 287.51
20 95 879.47
20 96 684.33
20 97 88.22
20 98 851.82
20 99 275.18
21 22 296.10
21 23 505.84
21 24 168.52
21 25 914.74
21 26 110.53
21 27 563.40
21 28 361.02
21 29 469.82
21 30 538.25
21 31 901.63
21 32 184.70
21 33 154.72
21 34 563.69
21 35 120.49
21 36 698.19
21 37 488.28
21 38 294.80
21 39 840.10
21 40 381.49
21 41 29.24
21 42 219.40
21 43 477.69
21 44 669.15
21 45 714.16
21 46 467.19
21 47 747.71
21 48 999.75
21 49 328.76
21 50 951.78
21 51 669.80
21 52 296.97
21 53 244.28
21 54 994.93
21 55 0.40
21 56 95.37
21 57 981.31
21 58 931.45
21 59 383.33
21 60 892.77
21 61 518.82
21 62 307.61
21 63 342.44
21 64 560.84
21 65 321.89
21 66 550.31
21 67 295.20
21 68 29.65
21 69 626.95
21 70 285.61
21 71 140.79
21 72 994.85
21 73 629.48
21 74 438.33
21 75 33.71
21 76 681.01
21 77 802.60
21 78 503.70
21 79 848.27
21 80 256.79
21 81 595.47
21 82 770.60
21 83 690.72
21 84 944.82
21 85 552.46
21 86 818.42
21 87 315.23
21 88 904.18
21 89 47.99
21 90 959.66
21 91 874.15
21 92 940.83
21 93 320.91
21 94 507.21
21 95 854.16
21 96 643.92
21 97 139.26
21 98 447.53
21 99 370.14
22 23 975.67
22 24 267.91
22 25 165.32
22 26 319.58
22 27 199.94
22 28 253.49
22 29 631.50
22 30 681.86
22 31 830.74
22 32 975.13
22 33 430.58
22 34 20.89
22 35 693.13
22 36 586.57
22 37 310.30
22 38 197.48
22 39 248.32
22 40 272.22
22 41 223.25
22 42 319.29
22 43 440.23
22 44 948.04
22 45 431.00
22 46 569.05
22 47 354.25
22 48 406.16
22 49 726.84
22 50 599.45
22 51 421.85
22 52 454.11
22 53 959.18
22 54 812.54
22 55 257.27
22 56 890.30
22 57 501.27
22 58 435.72
22 59 634.00
22 60 344.10
22 61 300.37
22 62 894.14
22 63 482.31
22 64 548.20
22 65 763.04
22 66 485.84
22 67 624.60
22 68 538.47
22 69 283.36
22 70 581.34
22 71 732.28
22 72 581.75
22 73 236.59
22 74 610.42
22 75 44.38
22 76 173.36
22 77 473.72
22 78 870.26
22 79 362.43
22 80 124.74
22 81 614.09
22 82 868.00
22 83 579.16
22 84 333.08
22 85 382.80
22 86 13.67
22 87 680.02
22 88 411.02
22 89 543.26
22 90 574.54
22 91 30.45
22 92 293.19
22 93 540.45
22 94 172.98
22 95 290.81
22 96 432.69
22 97 813.91
22 98 501.60
22 99 59.17
23 24 527.16
23 25 24.60
23 26 218.69
23 27 508.63
23 28 981.88
23 29 950.10
23 30 986.78
23 31 166.78
23 32 166.91
23 33 337.53
23 34 626.25
23 35 995.69
23 36 808.98
23 37 714.34
23 38 365.84
23 39 921.18
23 40 818.87
23 41 347.59
23 42 440.85
23 43 333.10
23 44 782.40
23 45 493.87
23 46 757.36
23 47 790.82
23 48 359.06
23 49 401.01
23 50 713.11
23 51 101.33
23 52 886.74
23 53 185.01
23 54 770.04
23 55 307.62
23 56 130.46
23 57 307.79
23 58 206.49
23 59 876.45
23 60 697.02
23 61 631.08
23 62 576.57
23 63 508.04
23 64 663.17
23 65 993.58
23 66 33.90
23 67 864.99
23 68 803.84
23 69 293.76
23 70 415.59
23 71 633.72
23 72 236.38
23 73 446.00
23 74 619.87
23 75 903.93
23 76 11.46
23 77 821.66
23 78 62.52
23 79 337.89
23 80 552.88
23 81 144.15
23 82 827.52
23 83 659.33
23 84 121.59
23 85 718.42
23 86 718.79
23 87 782.43
23 88 895.11
23 89 930.19
23 90 35.56
23 91 240.31
23 92 951.99
23 93 834.17
23 94 781.66
23 95 400.13
23 96 231.33
23 97 546.06
23 98 592.95
23 99 489.05
24 25 200.61
24 26 311.58
24 27 278.68
24 28 932.10
24 29 246.42
24 30 211.77
24 31 1.50
24 32 110.48
24 33 939.80
24 34 397.07
24 35 262.47
24 36 705.67
24 37 122.02
24 38 496.75
24 39 608.82
24 40 748.06
24 41 217.20
24 42 138.81
24 43 321.76
24 44 53.45
24 45 735.70
24 46 85.16
24 47 264.48
24 48 4.27
24 49 615.32
24 50 384.89
24 51 535.02
24 52 570.16
24 53 533.06
24 54 977.24
24 55 907.53
24 56 393.68
24 57 958.87
24 58 174.85
24 59 319.30
24 60 927.58
24 61 972.86
24 62 806.45
24 63 495.08
24 64 115.08
24 65 82.77
24 66 612.73
24 67 433.62
24 68 714.44
24 69 739.42
24 70 316.78
24 71 598.21
24 72 62.12
24 73 567.02
24 74 303.94
24 75 971.09
24 76 113.51
24 77 265.67
24 78 614.10
24 79 70.93
24 80 84.44
24 81 786.82
24 82 90.98
24 83 966.97
24 84 442.45
24 85 873.84
24 86 891.45
24 87 396.30
24 88 636.94
24 89 820.89
24 90 249.45
24 91 623.47
24 92 797.11
24 93 740.08
24 94 979.76
24 95 57.97
24 96 265.57
24 97 623.15
24 98 958.96
24 99 663.90
25 26 387.33
25 27 126.17
25 28 200.90
25 29 678.80
25 30 667.72
25 31 101.21
25 32 767.48
25 33 854.72
25 34 624.35
25 35 127.00
25 36 995.89
25 37 675.24
25 38 703.97
25 39 819.08
25 40 225.35
25 41 159.34
25 42 63.15
25 43 610.30
25 44 395.98
25 45 610.39
25 46 297.34
25 47 982.65
25 48 4.02
25 49 222.31
25 50 612.55
25 51 390.27
25 52 83.88
25 53 413.74
25 54 34.34
25 55 246.36
25 56 108.11
25 57 765.07
25 58 621.23
25 59 578.60
25 60 151.50
25 61 771.15
25 62 783.14
25 63 384.56
25 64 446.20
25 65 347.64
25 66 682.14
25 67 722.47
25 68 59.77
25 69 886.26
25 70 52.28
25 71 86.52
25 72 655.94
25 73 513.31
25 74 270.65
25 75 415.60
25 76 511.40
25 77 200.40
25 78 345.80
25 79 164.87
25 80 461.07
25 81 368.12
25 82 268.65
25 83 724.90
25 84 359.60
25 85 18.74
25 86 868.11
25 87 170.47
25 88 173.05
25 89 325.57
25 90 747.09
25 91 725.52
25 92 232.86
25 93 37.63
25 94 153.29
25 95 76.01
25 96 664.13
25 97 421.96
25 98 287.75
25 99 68.21
26 27 167.30
26 28 149.21
26 29 158.53
26 30 996.88
26 31 584.07
26 32 38.46
26 33 123.43
26 34 452.68
26 35 224.73
26 36 52.02
26 37 790.92
26 38 712.08
26 39 938.88
26 40 124.71
26 41 788.94
26 42 232.72
26 43 610.21
26 44 636.32
26 45 512.00
26 46 408.95
26 47 305.69
26 48 66.04
26 49 215.19
26 50 254.19
26 51 176.38
26 52 678.62
26 53 201.12
26 54 315.83
26 55 772.83
26 56 947.57
26 57 746.62
26 58 308.77
26 59 133.77
26 60 927.56
26 61 898.26
26 62 742.53
26 63 635.71
26 64 550.19
26 65 238.02
26 66 643.03
26 67 994.87
26 68 360.14
26 69 32.20
26 70 617.52
26 71 348.04
26 72 367.88
26 73 485.70
26 74 26.73
26 75 350.96
26 76 997.50
26 77 743.77
26 78 122.41
26 79 592.67
26 80 70.61
26 81 674.08
26 82 526.88
26 83 491.81
26 84 382.14
26 85 14.93
26 86 101.73
26 87 531.38
26 88 165.98
26 89 729.66
26 90 982.63
26 91 365.80
26 92 983.68
26 93 985.85
26 94 571.83
26 95 165.04
26 96 8.17
26 97 932.44
26 98 946.55
26 99 542.48
27 28 626.26
27 29 729.52
27 30 667.08
27 31 262.40
27 32 266.84
27 33 66.24
27 34 928.93
27 35 477.55
27 36 594.41
27 37 320.44
27 38 648.12
27 39 23.13
27 40 993.82
27 41 831.81
27 42 37.08
27 43 688.37
27 44 576.38
27 45 248.42
27 46 870.54
27 47 615.88
27 48 832.62
27 49 990.93
27 50 57.81
27 51 202.65
27 52 939.37
27 53 80.89
27 54 67.18
27 55 564.09
27 56 558.96
27 57 796.23
27 58 945.42
27 59 932.31
27 60 404.85
27 61 426.68
27 62 444.00
27 63 683.04
27 64 431.30
27 65 187.60
27 66 541.38
27 67 472.49
27 68 514.82
27 69 685.24
27 70 653.54
27 71 387.48
27 72 59.79
27 73 573.49
27 74 175.65
27 75 683.81
27 76 784.04
27 77 12.42
27 78 615.40
27 79 770.10
27 80 243.16
27 81 240.47
27 82 310.48
27 83 517.88
27 84 956.92
27 85 410.61
27 86 972.38
27 87 918.85
27 88 761.71
27 89 61.97
27 90 651.60
27 91 995.75
27 92 606.67
27 93 293.52
27 94 199.60
27 95 926.12
27 96 87.95
27 97 974.02
27 98 763.66
27 99 866.10
28 29 309.56
28 30 263.50
28 31 242.58
28 32 793.46
28 33 725.01
28 34 205.09
28 35 878.39
28 36 121.28
28 37 601.18
28 38 938.21
28 39 67.67
28 40 600.01
28 41 252.20
28 42 268.86
28 43 768.67
28 44 635.66
28 45 858.20
28 46 621.52
28 47 771.89
28 48 106.47
28 49 482.27
28 50 623.56
28 51 338.65
28 52 689.04
28 53 150.40
28 54 980.32
28 55 705.79
28 56 555.45
28 57 504.50
28 58 196.30
28 59 347.29
28 60 882.76
28 61 307.64
28 62 257.80
28 63 642.35
28 64 707.42
28 65 121.19
28 66 243.22
28 67 746.49
28 68 339.80
28 69 924.22
28 70 895.49
28 71 295.76
28 72 321.94
28 73 72.66
28 74 195.34
28 75 292.11
28 76 871.29
28 77 610.97
28 78 663.91
28 79 884.37
28 80 532.87
28 81 259.15
28 82 857.62
28 83 816.17
28 84 289.32
28 85 258.54
28 86 213.88
28 87 920.15
28 88 675.08
28 89 186.54
28 90 775.35
28 91 443.53
28 92 152.12
28 93 136.65
28 94 825.79
28 95 716.89
28 96 350.57
28 97 106.51
28 98 657.14
28 99 921.13
29 30 695.38
29 31 203.93
29 32 51.26
29 33 909.46
29 34 972.54
29 35 365.47
29 36 624.02
29 37 118.35
29 38 732.83
29 39 811.66
29 40 456.69
29 41 722.81
29 42 349.56
29 43 56.23
29 44 890.41
29 45 478.73
29 46 830.04
29 47 763.74
29 48 744.35
29 49 657.75
29 50 721.05
29 51 111.70
29 52 444.16
29 53 577.46
29 54 334.55
29 55 209.94
29 56 924.67
29 57 120.92
29 58 131.24
29 59 895.93
29 60 332.49
29 61 983.26
29 62 775.56
29 63 783.27
29 64 204.55
29 65 287.05
29 66 241.62
29 67 817.29
29 68 199.18
29 69 584.48
29 70 607.14
29 71 368.73
29 72 260.57
29 73 259.46
29 74 862.55
29 75 172.96
29 76 509.70
29 77 224.75
29 78 299.93
29 79 695.79
29 80 707.64
29 81 802.07
29 82 820.89
29 83 335.35
29 84 792.06
29 85 470.35
29 86 987.80
29 87 64.78
29 88 415.07
29 89 401.24
29 90 867.06
29 91 240.40
29 92 360.07
29 93 130.13
29 94 939.98
29 95 913.53
29 96 763.34
29 97 110.06
29 98 859.72
29 99 836.65
30 31 696.61
30 32 32.87
30 33 26.74
30 34 24.01
30 35 653.82
30 36 12.09
30 37 738.48
30 38 867.51
30 39 618.43
30 40 313.63
30 41 951.75
30 42 632.08
30 43 680.49
30 44 505.86
30 45 451.63
30 46 36.69
30 47 992.08
30 48 285.78
30 49 220.31
30 50 186.07
30 51 312.66
30 52 559.85
30 53 666.49
30 54 598.40
30 55 307.79
30 56 313.34
30 57 7.39
30 58 59.04
30 59 418.91
30 60 385.45
30 61 184.18
30 62 702.65
30 63 121.48
30 64 765.39
30 65 638.77
30 66 91.96
30 67 740.49
30 68 773.53
30 69 504.54
30 70 821.50
30 71 188.13
30 72 993.93
30 73 264.84
30 74 682.40
30 75 38.14
30 76 506.36
30 77 674.56
30 78 708.82
30 79 440.55
30 80 166.81
30 81 926.06
30 82 934.77
30 83 748.15
30 84 796.67
30 85 517.38
30 86 610.73
30 87 876.29
30 88 893.39
30 89 383.41
30 90 100.03
30 91 694.98
30 92 334.52
30 93 108.63
30 94 174.14
30 95 287.28
30 96 382.21
30 97 496.55
30 98 179.59
30 99 176.39
31 32 833.71
31 33 346.80
31 34 358.16
31 35 844.39
31 36 998.01
31 37 534.30
31 38 696.08
31 39 120.66
31 40 294.41
31 41 758.58
31 42 51.22
31 43 697.61
31 44 5.04
31 45 94.18
31 46 319.94
31 47 861.43
31 48 0.97
31 49 474.62
31 50 101.61
31 51 414.37
31 52 435.92
31 53 20.36
31 54 910.70
31 55 452.60
31 56 135.21
31 57 263.50
31 58 227.66
31 59 648.78
31 60 417.95
31 61 203.94
31 62 807.88
31 63 24.92
31 64 119.12
31 65 482.75
31 66 600.87
31 67 69.52
31 68 219.14
31 69 440.44
31 70 325.00
31 71 446.97
31 72 271.58
31 73 220.49
31 74 828.37
31 75 932.87
31 76 632.13
31 77 292.10
31 78 662.06
31 79 47.49
31 80 564.75
31 81 934.57
31 82 353.83
31 83 184.20
31 84 538.56
31 85 39.11
31 86 278.61
31 87 454.61
31 88 110.41
31 89 341.34
31 90 729.00
31 91 212.30
31 92 564.69
31 93 899.18
31 94 836.10
31 95 269.39
31 96 606.30
31 97 26.29
31 98 257.63
31 99 532.14
32 33 640.87
32 34 492.97
32 35 187.67
32 36 743.74
32 37 288.54
32 38 445.53
32 39 196.07
32 40 387.03
32 41 707.32
32 42 441.38
32 43 70.94
32 44 602.60
32 45 667.80
32 46 499.34
32 47 594.79
32 48 240.17
32 49 751.46
32 50 104.69
32 51 199.21
32 52 268.88
32 53 369.31
32 54 229.12
32 55 833.97
32 56 615.97
32 57 75.19
32 58 33.83
32 59 672.31
32 60 952.79
32 61 964.41
32 62 330.63
32 63 292.16
32 64 369.97
32 65 385.36
32 66 959.42
32 67 304.65
32 68 469.84
32 69 9.52
32 70 925.94
32 71 378.71
32 72 471.36
32 73 333.56
32 74 173.69
32 75 586.23
32 76 155.23
32 77 834.20
32 78 859.29
32 79 739.65
32 80 989.65
32 81 997.89
32 82 727.88
32 83 304.57
32 84 118.76
32 85 422.25
32 86 577.51
32 87 781.78
32 88 225.58
32 89 413.73
32 90 342.76
32 91 478.14
32 92 227.59
32 93 786.51
32 94 846.46
32 95 320.78
32 96 451.26
32 97 252.79
32 98 556.13
32 99 513.11
33 34 958.92
33 35 487.50
33 36 555.16
33 37 277.44
33 38 862.76
33 39 613.62
33 40 5.03
33 41 654.61
33 42 668.16
33 43 233.39
33 44 759.26
33 45 345.24
33 46 964.37
33 47 41.61
33 48 42.84
33 49 328.89
33 50 409.08
33 51 521.37
33 52 679.17
33 53 582.28
33 54 510.48
33 55 837.01
33 56 616.73
33 57 830.98
33 58 491.08
33 59 524.84
33 60 252.81
33 61 107.47
33 62 255.60
33 63 520.08
33 64 499.90
33 65 539.32
33 66 514.22
33 67 837.76
33 68 967.13
33 69 849.90
33 70 898.97
33 71 217.91
33 72 792.79
33 73 258.22
33 74 962.21
33 75 61.45
33 76 627.56
33 77 388.93
33 78 517.10
33 79 602.35
33 80 55.09
33 81 604.65
33 82 106.19
33 83 111.53
33 84 284.97
33 85 104.70
33 86 348.94
33 87 907.76
33 88 83.40
33 89 959.31
33 90 308.34
33 91 170.50
33 92 789.34
33 93 740.29
33 94 761.85
33 95 484.65
33 96 598.79
33 97 1.26
33 98 560.40
33 99 834.54
34 35 938.69
34 36 722.77
34 37 277.08
34 38 534.96
34 39 940.86
34 40 176.04
34 41 240.07
34 42 241.67
34 43 195.93
34 44 991.53
34 45 639.09
34 46 18.86
34 47 612.10
34 48 678.93
34 49 411.89
34 50 361.00
34 51 409.46
34 52 54.37
34 53 17.94
34 54 478.73
34 55 349.10
34 56 735.18
34 57 394.25
34 58 471.05
34 59 357.45
34 60 25.69
34 61 308.38
34 62 563.53
34 63 842.88
34 64 534.60
34 65 13.42
34 66 906.65
34 67 300.59
34 68 702.06
34 69 314.65
34 70 897.99
34 71 324.48
34 72 498.03
34 73 128.99
34 74 36.49
34 75 997.31
34 76 760.45
34 77 75.18
34 78 879.53
34 79 64.54
34 80 526.81
34 81 860.05
34 82 73.86
34 83 430.31
34 84 773.08
34 85 60.40
34 86 385.07
34 87 802.50
34 88 496.08
34 89 765.55
34 90 495.45
34 91 734.85
34 92 508.59
34 93 445.77
34 94 281.83
34 95 808.29
34 96 315.35
34 97 516.79
34 98 196.51
34 99 528.60
35 36 954.66
35 37 536.03
35 38 863.46
35 39 955.02
35 40 848.78
35 41 560.20
35 42 675.51
35 43 394.69
35 44 154.16
35 45 444.67
35 46 729.63
35 47 54.68
35 48 467.99
35 49 294.44
35 50 515.85
35 51 829.34
35 52 526.97
35 53 640.37
35 54 964.19
35 55 952.98
35 56 305.77
35 57 896.19
35 58 507.43
35 59 692.45
35 60 64.26
35 61 534.22
35 62 252.13
35 63 739.27
35 64 288.10
35 65 640.46
35 66 426.99
35 67 163.52
35 68 696.90
35 69 875.19
35 70 27.73
35 71 876.37
35 72 128.12
35 73 994.55
35 74 575.37
35 75 388.15
35 76 768.30
35 77 48.45
35 78 66.84
35 79 271.78
35 80 130.44
35 81 83.34
35 82 817.57
35 83 938.63
35 84 402.59
35 85 380.69
35 86 595.09
35 87 422.34
35 88 110.94
35 89 454.61
35 90 516.70
35 91 705.20
35 92 88.72
35 93 937.37
35 94 725.95
35 95 883.56
35 96 482.48
35 97 630.09
35 98 658.50
35 99 270.69
36 37 358.50
36 38 652.76
36 39 581.60
36 40 776.15
36 41 670.10
36 42 528.41
36 43 816.75
36 44 924.28
36 45 870.32
36 46 981.86
36 47 435.85
36 48 369.62
36 49 487.61
36 50 840.47
36 51 623.88
36 52 33.59
36 53 410.50
36 54 441.55
36 55 588.38
36 56 969.15
36 57 639.90
36 58 695.71
36 59 507.67
36 60 642.39
36 61 416.78
36 62 520.52
36 63 456.63
36 64 842.12
36 65 910.14
36 66 68.99
36 67 816.60
36 68 55.82
36 69 780.59
36 70 845.00
36 71 467.46
36 72 788.68
36 73 807.80
36 74 25.26
36 75 742.97
36 76 14.87
36 77 156.88
36 78 744.37
36 79 347.05
36 80 167.90
36 81 771.84
36 82 787.63
36 83 868.75
36 84 818.01
36 85 360.77
36 86 662.61
36 87 36.03
36 88 385.15
36 89 764.36
36 90 468.68
36 91 351.07
36 92 146.93
36 93 799.38
36 94 336.79
36 95 930.02
36 96 925.09
36 97 651.15
36 98 495.39
36 99 135.22
37 38 6.08
37 39 150.10
37 40 235.91
37 41 744.17
37 42 915.84
37 43 252.33
37 44 903.35
37 45 455.10
37 46 901.47
37 47 467.75
37 48 111.54
37 49 488.35
37 50 683.31
37 51 480.09
37 52 553.79
37 53 195.57
37 54 596.41
37 55 700.24
37 56 291.73
37 57 387.36
37 58 574.18
37 59 483.22
37 60 555.92
37 61 792.25
37 62 69.05
37 63 20.93
37 64 837.05
37 65 856.00
37 66 674.63
37 67 932.08
37 68 463.75
37 69 879.03
37 70 948.19
37 71 974.11
37 72 345.67
37 73 878.12
37 74 678.45
37 75 517.62
37 76 768.58
37 77 231.90
37 78 496.96
37 79 57.74
37 80 947.62
37 81 157.57
37 82 677.62
37 83 664.31
37 84 653.27
37 85 270.70
37 86 407.08
37 87 973.92
37 88 26.40
37 89 485.10
37 90 350.12
37 91 728.53
37 92 987.49
37 93 940.36
37 94 323.08
37 95 983.64
37 96 983.30
37 97 78.45
37 98 340.77
37 99 71.88
38 39 758.13
38 40 303.61
38 41 282.16
38 42 529.32
38 43 106.09
38 44 43.74
38 45 576.81
38 46 5.48
38 47 272.66
38 48 517.58
38 49 722.95
38 50 123.36
38 51 636.34
38 52 266.62
38 53 833.66
38 54 700.43
38 55 306.95
38 56 250.53
38 57 910.10
38 58 146.63
38 59 734.20
38 60 563.88
38 61 141.99
38 62 510.87
38 63 232.22
38 64 321.78
38 65 421.14
38 66 107.30
38 67 247.42
38 68 441.62
38 69 339.63
38 70 178.74
38 71 311.48
38 72 361.85
38 73 469.32
38 74 408.59
38 75 224.34
38 76 144.05
38 77 130.68
38 78 58.74
38 79 789.99
38 80 596.56
38 81 707.40
38 82 89.59
38 83 951.85
38 84 696.33
38 85 27.13
38 86 431.65
38 87 107.07
38 88 706.71
38 89 709.90
38 90 813.49
38 91 642.57
38 92 448.06
38 93 270.73
38 94 540.64
38 95 568.84
38 96 631.11
38 97 711.59
38 98 396.50
38 99 698.40
39 40 508.80
39 41 281.53
39 42 151.17
39 43 378.60
39 44 302.93
39 45 731.02
39 46 797.97
39 47 565.59
39 48 161.28
39 49 501.98
39 50 90.18
39 51 668.86
39 52 818.11
39 53 756.11
39 54 863.84
39 55 871.93
39 56 677.32
39 57 476.94
39 58 951.05
39 59 575.12
39 60 768.78
39 61 173.89
39 62 591.07
39 63 381.49
39 64 353.75
39 65 982.11
39 66 512.06
39 67 658.18
39 68 481.24
39 69 853.26
39 70 245.49
39 71 844.53
39 72 428.34
39 73 722.40
39 74 70.38
39 75 199.24
39 76 406.45
39 77 639.39
39 78 383.72
39 79 897.04
39 80 572.64
39 81 460.65
39 82 672.14
39 83 21.23
39 84 826.35
39 85 986.45
39 86 688.89
39 87 521.97
39 88 420.78
39 89 669.86
39 90 119.38
39 91 105.69
39 92 164.43
39 93 32.12
39 94 781.92
39 95 182.57
39 96 746.74
39 97 87.91
39 98 450.73
39 99 669.72
40 41 817.54
40 42 999.69
40 43 230.95
40 44 234.00
40 45 171.22
40 46 489.64
40 47 413.17
40 48 664.42
40 49 892.48
40 50 118.66
40 51 472.97
40 52 624.28
40 53 267.96
40 54 162.53
40 55 279.52
40 56 10.09
40 57 506.60
40 58 936.44
40 59 741.76
40 60 287.67
40 61 213.25
40 62 918.88
40 63 910.45
40 64 905.30
40 65 500.65
40 66 818.75
40 67 969.52
40 68 86.32
40 69 455.67
40 70 641.20
40 71 410.85
40 72 312.02
40 73 905.49
40 74 250.60
40 75 690.58
40 76 31.91
40 77 305.09
40 78 421.10
40 79 921.72
40 80 425.17
40 81 153.87
40 82 278.04
40 83 568.63
40 84 130.70
40 85 505.06
40 86 800.99
40 87 883.22
40 88 719.39
40 89 944.59
40 90 43.86
40 91 684.09
40 92 590.32
40 93 615.73
40 94 127.19
40 95 48.66
40 96 58.49
40 97 81.24
40 98 515.72
40 99 759.40
41 42 200.60
41 43 459.24
41 44 60.81
41 45 150.51
41 46 322.11
41 47 841.06
41 48 414.03
41 49 136.81
41 50 166.05
41 51 796.26
41 52 848.25
41 53 132.27
41 54 895.77
41 55 438.60
41 56 532.71
41 57 429.15
41 58 164.49
41 59 788.37
41 60 151.67
41 61 67.22
41 62 547.33
41 63 363.91
41 64 505.72
41 65 621.01
41 66 859.18
41 67 984.27
41 68 325.07
41 69 93.04
41 70 295.58
41 71 905.76
41 72 63.88
41 73 482.18
41 74 397.62
41 75 798.34
41 76 841.90
41 77 549.44
41 78 668.05
41 79 10.58
41 80 441.03
41 81 831.72
41 82 756.24
41 83 175.98
41 84 285.74
41 85 32.91
41 86 961.90
41 87 564.63
41 88 146.70
41 89 289.47
41 90 262.64
41 91 61.61
41 92 254.81
41 93 34.84
41 94 374.64
41 95 52.27
41 96 130.82
41 97 605.24
41 98 693.33
41 99 814.82
42 43 976.90
42 44 127.44
42 45 579.47
42 46 853.58
42 47 104.32
42 48 578.97
42 49 976.79
42 50 243.25
42 51 347.58
42 52 332.53
42 53 305.15
42 54 103.39
42 55 400.39
42 56 517.89
42 57 54.73
42 58 173.50
42 59 687.83
42 60 23.31
42 61 391.45
42 62 189.00
42 63 722.29
42 64 254.53
42 65 443.77
42 66 766.98
42 67 702.94
42 68 9.48
42 69 860.91
42 70 130.94
42 71 604.52
42 72 954.16
42 73 128.50
42 74 81.57
42 75 859.63
42 76 832.56
42 77 72.23
42 78 201.88
42 79 91.61
42 80 394.97
42 81 670.94
42 82 104.79
42 83 585.74
42 84 169.02
42 85 221.27
42 86 397.82
42 87 815.35
42 88 137.24
42 89 148.11
42 90 781.96
42 91 315.41
42 92 89.49
42 93 490.24
42 94 152.35
42 95 741.99
42 96 84.84
42 97 477.41
42 98 309.66
42 99 173.54
43 44 88.38
43 45 963.80
43 46 649.91
43 47 806.83
43 48 146.03
43 49 161.84
43 50 777.99
43 51 918.39
43 52 600.99
43 53 339.17
43 54 156.60
43 55 245.64
43 56 693.51
43 57 440.61
43 58 680.29
43 59 328.67
43 60 379.67
43 61 462.81
43 62 889.57
43 63 22.42
43 64 691.87
43 65 270.11
43 66 204.58
43 67 61.15
43 68 44.38
43 69 126.38
43 70 185.01
43 71 369.90
43 72 226.63
43 73 310.52
43 74 417.22
43 75 58.64
43 76 710.47
43 77 669.82
43 78 137.80
43 79 846.59
43 80 337.99
43 81 322.86
43 82 257.89
43 83 780.86
43 84 431.36
43 85 27.40
43 86 644.37
43 87 41.57
43 88 739.76
43 89 77.58
43 90 537.11
43 91 271.53
43 92 556.56
43 93 660.40
43 94 282.65
43 95 257.81
43 96 246.14
43 97 791.76
43 98 379.39
43 99 252.75
44 45 253.16
44 46 569.45
44 47 653.49
44 48 369.24
44 49 425.09
44 50 632.51
44 51 140.43
44 52 592.57
44 53 895.75
44 54 580.65
44 55 754.31
44 56 1.98
44 57 742.23
44 58 326.21
44 59 360.15
44 60 528.82
44 61 855.64
44 62 746.27
44 63 474.93
44 64 692.66
44 65 290.15
44 66 28.92
44 67 741.90
44 68 826.36
44 69 707.87
44 70 150.39
44 71 749.49
44 72 423.38
44 73 759.58
44 74 85.91
44 75 400.92
44 76 668.80
44 77 825.10
44 78 48.84
44 79 206.32
44 80 864.46
44 81 185.98
44 82 851.86
44 83 72.49
44 84 900.19
44 85 604.68
44 86 206.72
44 87 952.42
44 88 827.20
44 89 670.33
44 90 208.17
44 91 376.72
44 92 569.27
44 93 606.01
44 94 876.67
44 95 771.85
44 96 130.24
44 97 352.80
44 98 314.84
44 99 841.27
45 46 775.53
45 47 547.35
45 48 531.60
45 49 631.38
45 50 25.56
45 51 146.14
45 52 90.75
45 53 813.79
45 54 167.34
45 55 530.05
45 56 452.49
45 57 664.37
45 58 825.71
45 59 44.77
45 60 457.55
45 61 938.49
45 62 878.25
45 63 445.02
45 64 748.43
45 65 915.06
45 66 35.20
45 67 655.92
45 68 846.56
45 69 533.16
45 70 494.43
45 71 875.41
45 72 455.40
45 73 169.79
45 74 939.18
45 75 978.10
45 76 605.87
45 77 574.30
45 78 574.80
45 79 829.63
45 80 135.51
45 81 265.41
45 82 949.71
45 83 216.14
45 84 645.89
45 85 719.92
45 86 428.38
45 87 78.58
45 88 106.92
45 89 893.63
45 90 390.51
45 91 822.76
45 92 239.32
45 93 469.15
45 94 265.89
45 95 476.75
45 96 879.25
45 97 436.05
45 98 206.31
45 99 25.77
46 47 684.17
46 48 692.60
46 49 55.59
46 50 670.21
46 51 758.21
46 52 245.64
46 53 385.00
46 54 506.41
46 55 908.83
46 56 645.54
46 57 47.86
46 58 540.02
46 59 557.21
46 60 371.77
46 61 512.38
46 62 618.46
46 63 586.69
46 64 961.11
46 65 997.63
46 66 18.10
46 67 740.31
46 68 415.00
46 69 901.66
46 70 598.92
46 71 290.60
46 72 624.69
46 73 867.52
46 74 439.68
46 75 124.64
46 76 611.16
46 77 62.71
46 78 933.60
46 79 873.31
46 80 205.29
46 81 760.52
46 82 348.20
46 83 737.05
46 84 270.49
46 85 976.02
46 86 536.46
46 87 175.15
46 88 217.05
46 89 292.31
46 90 280.97
46 91 317.50
46 92 193.69
46 93 439.56
46 94 365.69
46 95 321.08
46 96 888.63
46 97 769.16
46 98 781.01
46 99 676.67
47 48 104.50
47 49 385.62
47 50 67.47
47 51 609.07
47 52 469.50
47 53 843.09
47 54 910.52
47 55 142.42
47 56 147.61
47 57 958.43
47 58 615.54
47 59 578.07
47 60 95.15
47 61 724.43
47 62 617.32
47 63 948.47
47 64 487.88
47 65 34.62
47 66 705.00
47 67 963.77
47 68 942.20
47 69 850.58
47 70 137.31
47 71 763.59
47 72 793.13
47 73 285.11
47 74 255.81
47 75 489.98
47 76 424.42
47 77 277.50
47 78 888.65
47 79 144.85
47 80 180.94
47 81 97.25
47 82 396.54
47 83 120.80
47 84 822.70
47 85 35.23
47 86 810.05
47 87 919.57
47 88 257.09
47 89 316.61
47 90 361.19
47 91 738.18
47 92 917.00
47 93 691.27
47 94 415.75
47 95 350.07
47 96 524.34
47 97 794.43
47 98 863.95
47 99 844.76
48 49 466.69
48 50 339.92
48 51 683.28
48 52 844.97
48 53 885.24
48 54 651.13
48 55 214.20
48 56 495.27
48 57 61.97
48 58 136.12
48 59 912.74
48 60 439.07
48 61 409.32
48 62 317.96
48 63 565.41
48 64 730.34
48 65 99.92
48 66 697.08
48 67 995.68
48 68 667.99
48 69 932.62
48 70 239.46
48 71 856.02
48 72 433.57
48 73 187.44
48 74 278.55
48 75 830.79
48 76 98.80
48 77 521.18
48 78 997.66
48 79 25.24
48 80 637.50
48 81 366.13
48 82 485.50
48 83 847.08
48 84 94.52
48 85 758.10
48 86 63.53
48 87 811.26
48 88 42.48
48 89 844.06
48 90 957.51
48 91 365.19
48 92 941.07
48 93 110.48
48 94 106.34
48 95 384.66
48 96 198.30
48 97 417.42
48 98 9.94
48 99 450.64
49 50 881.28
49 51 967.72
49 52 84.47
49 53 639.50
49 54 432.47
49 55 18.16
49 56 169.94
49 57 322.87
49 58 62.88
49 59 213.33
49 60 94.57
49 61 630.63
49 62 931.58
49 63 33.47
49 64 57.39
49 65 999.63
49 66 931.94
49 67 577.13
49 68 529.11
49 69 544.32
49 70 31.58
49 71 521.07
49 72 40.32
49 73 172.32
49 74 156.12
49 75 646.39
49 76 935.24
49 77 998.33
49 78 185.23
49 79 57.52
49 80 280.98
49 81 36.94
49 82 420.06
49 83 478.79
49 84 977.43
49 85 107.13
49 86 637.01
49 87 687.15
49 88 695.38
49 89 985.95
49 90 989.95
49 91 135.49
49 92 634.54
49 93 206.61
49 94 57.29
49 95 33.13
49 96 883.79
49 97 33.59
49 98 564.43
49 99 692.59
50 51 290.53
50 52 610.80
50 53 316.82
50 54 924.49
50 55 295.18
50 56 651.04
50 57 54.97
50 58 618.27
50 59 910.90
50 60 157.37
50 61 731.77
50 62 668.25
50 63 435.42
50 64 484.49
50 65 197.20
50 66 631.72
50 67 149.21
50 68 355.75
50 69 291.20
50 70 380.96
50 71 948.43
50 72 45.64
50 73 768.69
50 74 726.58
50 75 284.02
50 76 853.82
50 77 402.84
50 78 423.61
50 79 274.22
50 80 101.23
50 81 383.70
50 82 379.29
50 83 210.81
50 84 193.85
50 85 415.43
50 86 672.79
50 87 753.90
50 88 696.01
50 89 329.31
50 90 483.78
50 91 687.19
50 92 664.94
50 93 858.89
50 94 697.09
50 95 245.85
50 96 529.46
50 97 601.35
50 98 699.58
50 99 271.32
51 52 366.93
51 53 9.09
51 54 423.85
51 55 445.38
51 56 404.03
51 57 414.99
51 58 272.03
51 59 754.19
51 60 582.64
51 61 315.71
51 62 32.86
51 63 478.34
51 64 829.39
51 65 872.82
51 66 120.89
51 67 425.86
51 68 752.21
51 69 405.27
51 70 224.98
51 71 90.59
51 72 521.76
51 73 826.23
51 74 543.53
51 75 395.34
51 76 997.94
51 77 41.26
51 78 745.00
51 79 826.26
51 80 432.90
51 81 625.71
51 82 710.48
51 83 610.31
51 84 300.90
51 85 114.71
51 86 718.66
51 87 205.74
51 88 526.01
51 89 863.34
51 90 773.65
51 91 895.55
51 92 32.00
51 93 407.89
51 94 737.59
51 95 597.85
51 96 838.10
51 97 380.91
51 98 234.44
51 99 449.12
52 53 145.63
52 54 749.59
52 55 447.34
52 56 305.00
52 57 335.80
52 58 562.58
52 59 57.98
52 60 58.61
52 61 733.72
52 62 142.09
52 63 618.90
52 64 269.51
52 65 151.43
52 66 136.27
52 67 238.71
52 68 709.91
52 69 37.27
52 70 2.85
52 71 343.53
52 72 416.83
52 73 843.32
52 74 568.23
52 75 126.81
52 76 461.24
52 77 619.12
52 78 817.53
52 79 907.10
52 80 330.06
52 81 32.61
52 82 997.79
52 83 193.22
52 84 823.50
52 85 187.07
52 86 157.71
52 87 97.98
52 88 750.17
52 89 805.33
52 90 706.04
52 91 725.82
52 92 674.64
52 93 387.76
52 94 513.01
52 95 391.90
52 96 478.56
52 97 937.35
52 98 153.55
52 99 832.55
53 54 946.91
53 55 446.37
53 56 696.64
53 57 26.67
53 58 735.72
53 59 156.46
53 60 744.66
53 61 415.60
53 62 132.73
53 63 650.01
53 64 739.18
53 65 410.11
53 66 133.64
53 67 953.24
53 68 710.67
53 69 125.06
53 70 741.40
53 71 824.38
53 72 313.45
53 73 880.21
53 74 725.82
53 75 995.23
53 76 811.43
53 77 833.54
53 78 237.24
53 79 462.95
53 80 711.15
53 81 460.27
53 82 429.63
53 83 624.64
53 84 280.54
53 85 157.61
53 86 894.94
53 87 86.05
53 88 351.62
53 89 596.06
53 90 285.51
53 91 724.68
53 92 608.42
53 93 920.26
53 94 109.71
53 95 790.41
53 96 38.43
53 97 882.73
53 98 694.96
53 99 126.67
54 55 359.06
54 56 789.39
54 57 54.40
54 58 829.24
54 59 189.39
54 60 345.62
54 61 198.93
54 62 357.86
54 63 816.82
54 64 188.70
54 65 354.40
54 66 994.77
54 67 810.11
54 68 150.08
54 69 313.48
54 70 361.26
54 71 883.89
54 72 934.48
54 73 641.86
54 74 413.61
54 75 799.48
54 76 191.47
54 77 826.26
54 78 49.32
54 79 450.46
54 80 809.05
54 81 814.78
54 82 470.18
54 83 49.01
54 84 538.94
54 85 925.07
54 86 831.66
54 87 795.68
54 88 719.43
54 89 482.89
54 90 206.57
54 91 631.64
54 92 184.11
54 93 417.60
54 94 288.22
54 95 102.34
54 96 394.22
54 97 119.88
54 98 43.78
54 99 943.26
55 56 527.68
55 57 683.73
55 58 421.69
55 59 331.42
55 60 963.63
55 61 404.94
55 62 91.86
55 63 943.19
55 64 291.66
55 65 337.96
55 66 500.51
55 67 553.67
55 68 416.11
55 69 894.29
55 70 723.86
55 71 729.81
55 72 245.43
55 73 918.50
55 74 420.72
55 75 442.30
55 76 313.69
55 77 154.48
55 78 865.34
55 79 182.68
55 80 239.20
55 81 754.37
55 82 0.21
55 83 934.99
55 84 459.28
55 85 404.83
55 86 887.19
55 87 91.85
55 88 165.78
55 89 99.41
55 90 302.84
55 91 212.21
55 92 834.88
55 93 647.94
55 94 517.07
55 95 972.22
55 96 437.79
55 97 468.67
55 98 857.85
55 99 73.56
56 57 198.20
56 58 375.22
56 59 575.41
56 60 594.70
56 61 476.74
56 62 499.76
56 63 122.54
56 64 200.00
56 65 334.65
56 66 605.92
56 67 929.28
56 68 374.50
56 69 79.56
56 70 306.90
56 71 804.53
56 72 380.20
56 73 225.37
56 74 122.71
56 75 72.25
56 76 226.66
56 77 738.59
56 78 748.27
56 79 680.06
56 80 254.78
56 81 228.24
56 82 898.19
56 83 921.89
56 84 988.51
56 85 743.20
56 86 261.33
56 87 528.97
56 88 654.79
56 89 198.03
56 90 109.92
56 91 933.71
56 92 846.29
56 93 103.69
56 94 53.07
56 95 970.34
56 96 135.03
56 97 524.19
56 98 453.74
56 99 664.45
57 58 477.30
57 59 852.45
57 60 447.79
57 61 880.49
57 62 370.37
57 63 166.87
57 64 998.07
57 65 924.34
57 66 322.87
57 67 403.09
57 68 177.78
57 69 832.69
57 70 355.50
57 71 841.12
57 72 208.00
57 73 27.29
57 74 589.75
57 75 129.57
57 76 361.73
57 77 876.25
57 78 352.81
57 79 487.95
57 80 895.98
57 81 686.30
57 82 305.17
57 83 908.26
57 84 230.15
57 85 69.80
57 86 557.67
57 87 176.14
57 88 473.02
57 89 943.41
57 90 260.38
57 91 491.80
57 92 586.73
57 93 115.80
57 94 692.78
57 95 369.51
57 96 941.84
57 97 554.42
57 98 598.41
57 99 51.24
58 59 645.85
58 60 431.71
58 61 929.71
58 62 828.53
58 63 654.53
58 64 325.33
58 65 136.00
58 66 351.15
58 67 204.81
58 68 226.18
58 69 156.97
58 70 478.68
58 71 816.58
58 72 481.17
58 73 60.87
58 74 401.04
58 75 512.01
58 76 755.18
58 77 114.59
58 78 862.40
58 79 857.28
58 80 664.06
58 81 774.08
58 82 959.31
58 83 26.94
58 84 982.55
58 85 177.62
58 86 287.82
58 87 146.10
58 88 610.23
58 89 311.26
58 90 257.69
58 91 856.58
58 92 148.07
58 93 702.52
58 94 702.59
58 95 939.52
58 96 335.41
58 97 463.36
58 98 807.27
58 99 866.42
59 60 808.09
59 61 695.63
59 62 509.53
59 63 677.44
59 64 559.17
59 65 84.41
59 66 120.71
59 67 70.43
59 68 818.76
59 69 300.00
59 70 994.53
59 71 325.67
59 72 160.32
59 73 985.92
59 74 616.39
59 75 472.79
59 76 248.25
59 77 724.08
59 78 455.52
59 79 366.81
59 80 140.91
59 81 735.91
59 82 961.90
59 83 92.15
59 84 112.22
59 85 712.38
59 86 170.37
59 87 369.45
59 88 639.66
59 89 327.45
59 90 893.45
59 91 979.13
59 92 430.97
59 93 442.70
59 94 322.62
59 95 240.05
59 96 633.24
59 97 518.22
59 98 500.98
59 99 387.63
60 61 357.41
60 62 112.15
60 63 511.69
60 64 181.57
60 65 61.25
60 66 378.69
60 67 953.73
60 68 755.04
60 69 610.12
60 70 313.54
60 71 831.19
60 72 616.82
60 73 749.56
60 74 265.37
60 75 503.58
60 76 598.27
60 77 639.09
60 78 588.73
60 79 280.69
60 80 884.76
60 81 467.33
60 82 682.08
60 83 692.11
60 84 761.51
60 85 468.63
60 86 608.18
60 87 813.22
60 88 321.82
60 89 615.86
60 90 370.76
60 91 814.34
60 92 28.11
60 93 954.36
60 94 28.15
60 95 741.06
60 96 322.08
60 97 930.43
60 98 940.84
60 99 676.55
61 62 865.01
61 63 908.34
61 64 726.07
61 65 801.64
61 66 329.50
61 67 662.95
61 68 692.24
61 69 738.76
61 70 969.43
61 71 752.17
61 72 272.83
61 73 814.01
61 74 617.16
61 75 63.39
61 76 806.79
61 77 656.34
61 78 240.80
61 79 843.79
61 80 773.35
61 81 659.57
61 82 112.89
61 83 389.36
61 84 863.31
61 85 214.43
61 86 899.94
61 87 792.15
61 88 300.75
61 89 193.86
61 90 120.86
61 91 737.93
61 92 12.38
61 93 653.85
61 94 935.53
61 95 566.31
61 96 233.41
61 97 627.62
61 98 601.01
61 99 102.20
62 63 359.09
62 64 301.27
62 65 533.40
62 66 927.40
62 67 366.38
62 68 464.99
62 69 379.97
62 70 661.86
62 71 746.26
62 72 915.65
62 73 26.01
62 74 218.09
62 75 16.70
62 76 999.36
62 77 303.20
62 78 347.92
62 79 235.42
62 80 716.02
62 81 131.34
62 82 170.98
62 83 581.26
62 84 873.56
62 85 102.15
62 86 79.08
62 87 768.57
62 88 105.71
62 89 222.84
62 90 239.14
62 91 429.68
62 92 256.38
62 93 840.61
62 94 987.36
62 95 855.10
62 96 0.31
62 97 54.73
62 98 559.80
62 99 449.95
63 64 388.05
63 65 299.53
63 66 453.84
63 67 719.57
63 68 842.16
63 69 462.46
63 70 768.87
63 71 696.44
63 72 71.11
63 73 522.62
63 74 941.42
63 75 492.42
63 76 728.25
63 77 225.06
63 78 206.33
63 79 522.74
63 80 963.12
63 81 692.09
63 82 432.65
63 83 747.37
63 84 776.39
63 85 405.56
63 86 116.52
63 87 66.46
63 88 171.92
63 89 985.35
63 90 84.71
63 91 621.20
63 92 355.39
63 93 442.56
63 94 210.76
63 95 669.41
63 96 979.70
63 97 543.38
63 98 274.55
63 99 571.92
64 65 274.53
64 66 63.23
64 67 927.20
64 68 940.48
64 69 828.14
64 70 568.59
64 71 161.08
64 72 591.46
64 73 80.53
64 74 688.01
64 75 813.01
64 76 998.55
64 77 489.82
64 78 405.64
64 79 652.82
64 80 300.35
64 81 731.76
64 82 212.16
64 83 822.86
64 84 839.80
64 85 188.98
64 86 678.08
64 87 347.34
64 88 593.67
64 89 121.28
64 90 731.41
64 91 202.01
64 92 20.78
64 93 733.05
64 94 482.61
64 95 907.98
64 96 32.40
64 97 490.28
64 98 805.94
64 99 458.87
65 66 648.18
65 67 756.81
65 68 559.02
65 69 60.88
65 70 724.70
65 71 74.53
65 72 759.09
65 73 949.83
65 74 787.78
65 75 617.25
65 76 531.10
65 77 70.78
65 78 795.07
65 79 692.68
65 80 629.38
65 81 146.43
65 82 161.73
65 83 352.40
65 84 81.80
65 85 33.50
65 86 740.26
65 87 871.66
65 88 471.49
65 89 769.50
65 90 52.15
65 91 879.41
65 92 688.86
65 93 706.73
65 94 231.80
65 95 440.59
65 96 618.42
65 97 453.06
65 98 225.36
65 99 236.80
66 67 247.22
66 68 189.50
66 69 548.01
66 70 348.71
66 71 403.36
66 72 187.52
66 73 785.84
66 74 370.52
66 75 819.57
66 76 394.48
66 77 419.06
66 78 548.15
66 79 374.96
66 80 634.68
66 81 958.59
66 82 604.43
66 83 210.50
66 84 203.55
66 85 829.09
66 86 693.42
66 87 604.47
66 88 846.46
66 89 609.84
66 90 503.03
66 91 686.71
66 92 562.72
66 93 31.38
66 94 531.61
66 95 504.65
66 96 406.27
66 97 242.09
66 98 665.18
66 99 529.27
67 68 955.48
67 69 853.69
67 70 992.13
67 71 991.68
67 72 439.33
67 73 458.58
67 74 389.15
67 75 829.05
67 76 639.08
67 77 392.61
67 78 27.03
67 79 302.67
67 80 422.29
67 81 568.22
67 82 48.23
67 83 146.20
67 84 813.44
67 85 745.39
67 86 909.33
67 87 453.69
67 88 172.14
67 89 662.49
67 90 354.92
67 91 127.61
67 92 299.60
67 93 74.89
67 94 842.06
67 95 267.07
67 96 180.39
67 97 899.59
67 98 801.37
67 99 331.18
68 69 431.64
68 70 500.18
68 71 633.72
68 72 938.13
68 73 589.11
68 74 42.01
68 75 145.30
68 76 184.11
68 77 51.46
68 78 925.64
68 79 11.11
68 80 697.33
68 81 859.96
68 82 963.45
68 83 714.86
68 84 84.04
68 85 937.44
68 86 327.83
68 87 812.00
68 88 206.83
68 89 342.58
68 90 441.00
68 91 75.55
68 92 45.42
68 93 167.34
68 94 82.90
68 95 824.79
68 96 138.71
68 97 319.68
68 98 605.95
68 99 537.41
69 70 721.09
69 71 608.35
69 72 301.64
69 73 671.59
69 74 643.71
69 75 652.68
69 76 513.82
69 77 22.19
69 78 1.69
69 79 693.60
69 80 89.70
69 81 553.90
69 82 248.45
69 83 431.12
69 84 720.82
69 85 315.61
69 86 503.08
69 87 937.27
69 88 143.29
69 89 917.77
69 90 582.15
69 91 31.21
69 92 341.82
69 93 990.23
69 94 422.93
69 95 880.64
69 96 509.88
69 97 159.91
69 98 754.06
69 99 139.02
70 71 413.60
70 72 666.13
70 73 680.11
70 74 326.28
70 75 871.98
70 76 476.15
70 77 3.68
70 78 949.07
70 79 45.27
70 80 991.25
70 81 598.28
70 82 819.75
70 83 629.67
70 84 915.97
70 85 480.02
70 86 336.38
70 87 858.14
70 88 550.20
70 89 456.16
70 90 867.29
70 91 933.82
70 92 898.75
70 93 751.17
70 94 243.05
70 95 678.25
70 96 274.30
70 97 966.52
70 98 718.33
70 99 946.44
71 72 150.30
71 73 744.69
71 74 352.74
71 75 199.77
71 76 360.16
71 77 722.70
71 78 197.44
71 79 55.23
71 80 502.89
71 81 358.40
71 82 911.78
71 83 607.20
71 84 637.44
71 85 989.03
71 86 4.73
71 87 588.73
71 88 287.20
71 89 8.02
71 90 415.99
71 91 364.72
71 92 381.95
71 93 74.65
71 94 517.77
71 95 349.87
71 96 982.70
71 97 358.24
71 98 796.66
71 99 678.58
72 73 106.34
72 74 22.71
72 75 951.53
72 76 240.44
72 77 830.11
72 78 152.76
72 79 438.43
72 80 447.51
72 81 755.56
72 82 676.67
72 83 922.37
72 84 642.79
72 85 214.60
72 86 940.21
72 87 884.33
72 88 832.43
72 89 345.98
72 90 898.56
72 91 300.55
72 92 416.59
72 93 608.22
72 94 910.59
72 95 215.15
72 96 767.14
72 97 928.21
72 98 16.71
72 99 309.66
73 74 840.54
73 75 348.52
73 76 758.38
73 77 820.51
73 78 534.37
73 79 452.00
73 80 727.78
73 81 447.96
73 82 375.02
73 83 807.86
73 84 995.57
73 85 328.94
73 86 682.16
73 87 835.42
73 88 625.88
73 89 526.95
73 90 366.72
73 91 701.29
73 92 294.25
73 93 839.18
73 94 450.46
73 95 264.15
73 96 690.38
73 97 803.96
73 98 162.72
73 99 237.90
74 75 726.82
74 76 735.69
74 77 531.10
74 78 405.89
74 79 230.99
74 80 38.17
74 81 510.14
74 82 195.76
74 83 558.90
74 84 253.25
74 85 61.81
74 86 94.73
74 87 60.43
74 88 722.58
74 89 67.10
74 90 951.99
74 91 872.64
74 92 918.27
74 93 286.21
74 94 122.93
74 95 203.38
74 96 207.93
74 97 785.58
74 98 851.06
74 99 203.77
75 76 28.98
75 77 375.11
75 78 757.31
75 79 197.76
75 80 150.28
75 81 848.49
75 82 621.83
75 83 475.83
75 84 196.54
75 85 259.97
75 86 634.14
75 87 396.62
75 88 26.25
75 89 307.53
75 90 860.38
75 91 260.08
75 92 369.71
75 93 781.09
75 94 713.23
75 95 56.57
75 96 724.54
75 97 982.31
75 98 823.75
75 99 656.12
76 77 478.46
76 78 516.03
76 79 924.66
76 80 322.25
76 81 587.95
76 82 952.97
76 83 221.43
76 84 539.93
76 85 311.94
76 86 841.30
76 87 644.46
76 88 432.34
76 89 238.51
76 90 440.04
76 91 188.51
76 92 32.18
76 93 141.04
76 94 377.76
76 95 270.79
76 96 319.65
76 97 791.71
76 98 366.08
76 99 383.92
77 78 42.50
77 79 221.16
77 80 186.96
77 81 285.22
77 82 328.56
77 83 849.06
77 84 934.13
77 85 234.05
77 86 925.51
77 87 193.69
77 88 746.21
77 89 31.62
77 90 8.44
77 91 603.33
77 92 477.67
77 93 995.47
77 94 774.13
77 95 432.07
77 96 332.64
77 97 784.46
77 98 572.73
77 99 713.49
78 79 936.94
78 80 174.46
78 81 160.84
78 82 537.56
78 83 606.51
78 84 981.40
78 85 308.34
78 86 274.04
78 87 568.84
78 88 472.09
78 89 301.45
78 90 70.95
78 91 246.87
78 92 783.53
78 93 426.86
78 94 544.11
78 95 96.67
78 96 380.15
78 97 404.58
78 98 155.16
78 99 720.23
79 80 447.58
79 81 505.02
79 82 454.46
79 83 136.82
79 84 418.26
79 85 536.17
79 86 606.04
79 87 576.32
79 88 577.37
79 89 581.20
79 90 537.29
79 91 300.76
79 92 420.18
79 93 886.33
79 94 101.25
79 95 530.06
79 96 674.98
79 97 335.98
79 98 244.72
79 99 963.41
80 81 629.19
80 82 143.55
80 83 118.53
80 84 145.93
80 85 497.76
80 86 292.90
80 87 617.21
80 88 504.20
80 89 920.92
80 90 228.04
80 91 40.60
80 92 378.45
80 93 11.84
80 94 526.57
80 95 441.04
80 96 50.77
80 97 293.94
80 98 834.03
80 99 935.12
81 82 284.48
81 83 562.29
81 84 560.70
81 85 898.56
81 86 577.34
81 87 772.17
81 88 288.42
81 89 560.88
81 90 309.36
81 91 663.48
81 92 398.63
81 93 209.54
81 94 216.01
81 95 803.56
81 96 741.26
81 97 397.37
81 98 15.16
81 99 298.47
82 83 202.05
82 84 85.18
82 85 462.42
82 86 532.21
82 87 566.11
82 88 208.86
82 89 207.26
82 90 938.16
82 91 796.74
82 92 448.35
82 93 324.82
82 94 248.99
82 95 199.73
82 96 922.43
82 97 473.44
82 98 296.64
82 99 127.69
83 84 729.86
83 85 522.78
83 86 351.89
83 87 752.95
83 88 705.82
83 89 154.69
83 90 578.79
83 91 355.51
83 92 767.94
83 93 791.07
83 94 916.61
83 95 761.08
83 96 988.69
83 97 177.32
83 98 788.48
83 99 752.93
84 85 903.80
84 86 880.21
84 87 814.15
84 88 317.37
84 89 579.56
84 90 197.52
84 91 410.44
84 92 557.59
84 93 544.23
84 94 947.81
84 95 980.45
84 96 177.93
84 97 845.33
84 98 169.20
84 99 553.09
85 86 992.97
85 87 995.49
85 88 789.66
85 89 50.48
85 90 199.29
85 91 825.85
85 92 266.76
85 93 267.20
85 94 517.05
85 95 903.29
85 96 490.11
85 97 975.12
85 98 923.49
85 99 691.63
86 87 889.53
86 88 633.90
86 89 75.21
86 90 161.54
86 91 693.23
86 92 660.78
86 93 496.13
86 94 470.82
86 95 105.54
86 96 659.42
86 97 593.15
86 98 736.16
86 99 771.58
87 88 366.97
87 89 445.10
87 90 163.80
87 91 407.87
87 92 689.99
87 93 410.72
87 94 677.50
87 95 653.52
87 96 259.75
87 97 380.20
87 98 854.13
87 99 785.33
88 89 337.16
88 90 242.64
88 91 104.53
88 92 568.64
88 93 695.72
88 94 790.83
88 95 336.47
88 96 517.42
88 97 475.87
88 98 188.88
88 99 120.27
89 90 684.84
89 91 108.88
89 92 817.73
89 93 341.05
89 94 889.23
89 95 933.79
89 96 29.70
89 97 545.19
89 98 491.45
89 99 787.14
90 91 616.88
90 92 323.94
90 93 346.73
90 94 11.64
90 95 502.04
90 96 399.81
90 97 567.20
90 98 186.15
90 99 87.06
91 92 517.46
91 93 381.74
91 94 906.98
91 95 113.99
91 96 184.41
91 97 61.45
91 98 941.06
91 99 911.31
92 93 660.18
92 94 790.35
92 95 110.63
92 96 266.41
92 97 230.58
92 98 34.46
92 99 136.37
93 94 575.64
93 95 680.23
93 96 983.88
93 97 269.75
93 98 47.04
93 99 896.43
94 95 233.00
94 96 948.97
94 97 606.02
94 98 723.45
94 99 555.92
95 96 545.26
95 97 372.41
95 98 723.74
95 99 241.60
96 97 938.56
96 98 260.03
96 99 297.41
97 98 499.10
97 99 595.59
98 99 536.76
0 1 137.704206
0 2 358.364703
0 3 141.752354
0 4 448.116695
0 5 413.311586
0 6 195.065955
0 7 248.996618
0 8 347.433960
0 9 417.206095
0 10 304.852171
0 11 287.408349
0 12 163.078263
0 13 228.260351
0 14 356.927826
0 15 442.220614
0 16 360.457376
0 17 9.385084
0 18 337.420999
0 19 219.303717
1 2 218.959442
1 3 58.590217
1 4 407.363817
1 5 162.484979
1 6 123.176821
1 7 171.412621
1 8 187.899772
1 9 273.318638
1 10 281.000743
1 11 197.963407
1 12 199.117571
1 13 257.727534
1 14 328.799244
1 15 475.471035
1 16 361.203693
1 17 200.091867
1 18 415.957439
1 19 67.239767
2 3 30.309153
2 4 42.197629
2 5 82.017686
2 6 162.167265
2 7 150.922268
2 8 5.919678
2 9 269.994754
2 10 47.759670
2 11 73.327172
2 12 315.606424
2 13 429.680053
2 14 487.122620
2 15 285.459255
2 16 498.435328
2 17 276.812039
2 18 257.773145
2 19 165.397885
3 4 215.050799
3 5 245.948700
3 6 35.593569
3 7 443.887466
3 8 32.392271
3 9 218.141945
3 10 413.336889
3 11 197.319725
3 12 306.774498
3 13 409.343063
3 14 443.135483
3 15 465.570636
3 16 95.458969
3 17 129.353025
3 18 448.949992
3 19 296.719395
4 5 251.964772
4 6 306.441898
4 7 409.733762
4 8 265.987353
4 9 101.103403
4 10 226.994960
4 11 214.005506
4 12 483.038751
4 13 310.064123
4 14 347.726299
4 15 360.111894
4 16 173.503312
4 17 258.539021
4 18 278.388347
4 19 78.316655
5 6 281.068679
5 7 347.433008
5 8 213.277916
5 9 418.156671
5 10 365.722336
5 11 180.070319
5 12 227.154391
5 13 193.247902
5 14 387.803032
5 15 367.164154
5 16 215.188803
5 17 346.907724
5 18 472.620579
5 19 392.141403
6 7 352.816539
6 8 54.739466
6 9 195.018033
6 10 295.491002
6 11 229.737867
6 12 25.246470
6 13 114.407784
6 14 417.116137
6 15 7.901251
6 16 431.874973
6 17 39.109062
6 18 334.554462
6 19 250.150647
7 8 109.061640
7 9 285.847850
7 10 61.166022
7 11 335.616135
7 12 299.830803
7 13 28.064160
7 14 28.247565
7 15 76.319643
7 16 9.889160
7 17 217.637311
7 18 416.132482
7 19 308.731868
8 9 260.108299
8 10 431.953641
8 11 48.922120
8 12 454.042538
8 13 54.080786
8 14 258.542189
8 15 71.647990
8 16 279.726130
8 17 2.369491
8 18 383.367332
8 19 424.375204
9 10 458.426458
9 11 493.495050
9 12 252.611192
9 13 135.771813
9 14 50.448203
9 15 253.968866
9 16 292.843570
9 17 381.470146
9 18 41.555517
9 19 330.831785
10 11 258.533319
10 12 85.592035
10 13 469.293233
10 14 295.280255
10 15 220.366496
10 16 470.973531
10 17 327.990996
10 18 226.021218
10 19 419.869932
11 12 266.354468
11 13 276.984761
11 14 340.065160
11 15 183.649249
11 16 119.708553
11 17 289.501222
11 18 433.462845
11 19 203.439906
12 13 56.379687
12 14 221.971849
12 15 150.151188
12 16 200.745330
12 17 416.703446
12 18 201.866077
12 19 195.140657
13 14 180.279215
13 15 70.197862
13 16 130.126888
13 17 43.481473
13 18 214.748611
13 19 128.703383
14 15 148.836863
14 16 212.479466
14 17 59.675285
14 18 247.578807
14 19 353.234165
15 16 121.849636
15 17 392.560086
15 18 37.119602
15 19 196.994142
16 17 1.776824
16 18 110.402999
16 19 0.730193
17 18 94.656593
17 19 71.312054
18 19 134.099234
