80 5
1 2 1
1 3 2
1 4 3
1 5 4
1 6 5
1 7 6
1 8 7
1 9 8
1 10 2
1 11 1
1 12 2
1 13 3
1 14 4
1 15 5
1 17 7
1 18 8
1 19 9
1 20 3
1 21 2
1 22 3
1 23 4
1 24 5
1 25 6
1 26 7
1 27 8
1 28 9
1 30 4
1 31 3
1 32 4
1 34 6
1 35 7
1 37 9
1 38 10
1 39 11
1 40 5
1 41 4
1 42 5
1 43 6
1 44 7
1 45 8
1 46 9
1 48 11
1 49 12
1 52 6
1 53 7
1 56 10
1 57 11
1 58 12
1 60 7
1 61 6
1 62 7
1 63 8
1 64 9
1 65 10
1 66 11
1 67 12
1 69 14
1 70 8
1 71 7
1 73 9
1 74 10
1 77 13
1 78 14
1 79 15
1 80 9
1 81 8
1 82 9
1 83 10
1 85 12
1 86 13
1 87 14
1 88 15
1 90 10
1 92 10
1 93 11
1 94 12
1 95 13
1 97 15
1 99 17
2 3 1
2 4 2
2 5 3
2 6 4
2 7 5
2 8 6
2 9 7
2 10 3
2 11 2
2 12 1
2 13 2
2 14 3
2 15 4
2 17 6
2 18 7
2 19 8
2 20 4
2 21 3
2 22 2
2 23 3
2 24 4
2 25 5
2 26 6
2 27 7
2 28 8
2 30 5
2 31 4
2 32 3
2 34 5
2 35 6
2 37 8
2 38 9
2 39 10
2 40 6
2 41 5
2 42 4
2 43 5
2 44 6
2 45 7
2 46 8
2 48 10
2 49 11
2 52 5
2 53 6
2 56 9
2 57 10
2 58 11
2 60 8
2 61 7
2 62 6
2 63 7
2 64 8
2 65 9
2 66 10
2 67 11
2 69 13
2 70 9
2 71 8
2 73 8
2 74 9
2 77 12
2 78 13
2 79 14
2 80 10
2 81 9
2 82 8
2 83 9
2 85 11
2 86 12
2 87 13
2 88 14
2 90 11
2 92 9
2 93 10
2 94 11
2 95 12
2 97 14
2 99 16
3 4 1
3 5 2
3 6 3
3 7 4
3 8 5
3 9 6
3 10 4
3 11 3
3 12 2
3 13 1
3 14 2
3 15 3
3 17 5
3 18 6
3 19 7
3 20 5
3 21 4
3 22 3
3 23 2
3 24 3
3 25 4
3 26 5
3 27 6
3 28 7
3 30 6
3 31 5
3 32 4
3 34 4
3 35 5
3 37 7
3 38 8
3 39 9
3 40 7
3 41 6
3 42 5
3 43 4
3 44 5
3 45 6
3 46 7
3 48 9
3 49 10
3 52 6
3 53 5
3 56 8
3 57 9
3 58 10
3 60 9
3 61 8
3 62 7
3 63 6
3 64 7
3 65 8
3 66 9
3 67 10
3 69 12
3 70 10
3 71 9
3 73 7
3 74 8
3 77 11
3 78 12
3 79 13
3 80 11
3 81 10
3 82 9
3 83 8
3 85 10
3 86 11
3 87 12
3 88 13
3 90 12
3 92 10
3 93 9
3 94 10
3 95 11
3 97 13
3 99 15
4 5 1
4 6 2
4 7 3
4 8 4
4 9 5
4 10 5
4 11 4
4 12 3
4 13 2
4 14 1
4 15 2
4 17 4
4 18 5
4 19 6
4 20 6
4 21 5
4 22 4
4 23 3
4 24 2
4 25 3
4 26 4
4 27 5
4 28 6
4 30 7
4 31 6
4 32 5
4 34 3
4 35 4
4 37 6
4 38 7
4 39 8
4 40 8
4 41 7
4 42 6
4 43 5
4 44 4
4 45 5
4 46 6
4 48 8
4 49 9
4 52 7
4 53 6
4 56 7
4 57 8
4 58 9
4 60 10
4 61 9
4 62 8
4 63 7
4 64 6
4 65 7
4 66 8
4 67 9
4 69 11
4 70 11
4 71 10
4 73 8
4 74 7
4 77 10
4 78 11
4 79 12
4 80 12
4 81 11
4 82 10
4 83 9
4 85 9
4 86 10
4 87 11
4 88 12
4 90 13
4 92 11
4 93 10
4 94 9
4 95 10
4 97 12
4 99 14
5 6 1
5 7 2
5 8 3
5 9 4
5 10 6
5 11 5
5 12 4
5 13 3
5 14 2
5 15 1
5 17 3
5 18 4
5 19 5
5 20 7
5 21 6
5 22 5
5 23 4
5 24 3
5 25 2
5 26 3
5 27 4
5 28 5
5 30 8
5 31 7
5 32 6
5 34 4
5 35 3
5 37 5
5 38 6
5 39 7
5 40 9
5 41 8
5 42 7
5 43 6
5 44 5
5 45 4
5 46 5
5 48 7
5 49 8
5 52 8
5 53 7
5 56 6
5 57 7
5 58 8
5 60 11
5 61 10
5 62 9
5 63 8
5 64 7
5 65 6
5 66 7
5 67 8
5 69 10
5 70 12
5 71 11
5 73 9
5 74 8
5 77 9
5 78 10
5 79 11
5 80 13
5 81 12
5 82 11
5 83 10
5 85 8
5 86 9
5 87 10
5 88 11
5 90 14
5 92 12
5 93 11
5 94 10
5 95 9
5 97 11
5 99 13
6 7 1
6 8 2
6 9 3
6 10 7
6 11 6
6 12 5
6 13 4
6 14 3
6 15 2
6 17 2
6 18 3
6 19 4
6 20 8
6 21 7
6 22 6
6 23 5
6 24 4
6 25 3
6 26 2
6 27 3
6 28 4
6 30 9
6 31 8
6 32 7
6 34 5
6 35 4
6 37 4
6 38 5
6 39 6
6 40 10
6 41 9
6 42 8
6 43 7
6 44 6
6 45 5
6 46 4
6 48 6
6 49 7
6 52 9
6 53 8
6 56 5
6 57 6
6 58 7
6 60 12
6 61 11
6 62 10
6 63 9
6 64 8
6 65 7
6 66 6
6 67 7
6 69 9
6 70 13
6 71 12
6 73 10
6 74 9
6 77 8
6 78 9
6 79 10
6 80 14
6 81 13
6 82 12
6 83 11
6 85 9
6 86 8
6 87 9
6 88 10
6 90 15
6 92 13
6 93 12
6 94 11
6 95 10
6 97 10
6 99 12
7 8 1
7 9 2
7 10 8
7 11 7
7 12 6
7 13 5
7 14 4
7 15 3
7 17 1
7 18 2
7 19 3
7 20 9
7 21 8
7 22 7
7 23 6
7 24 5
7 25 4
7 26 3
7 27 2
7 28 3
7 30 10
7 31 9
7 32 8
7 34 6
7 35 5
7 37 3
7 38 4
7 39 5
7 40 11
7 41 10
7 42 9
7 43 8
7 44 7
7 45 6
7 46 5
7 48 5
7 49 6
7 52 10
7 53 9
7 56 6
7 57 5
7 58 6
7 60 13
7 61 12
7 62 11
7 63 10
7 64 9
7 65 8
7 66 7
7 67 6
7 69 8
7 70 14
7 71 13
7 73 11
7 74 10
7 77 7
7 78 8
7 79 9
7 80 15
7 81 14
7 82 13
7 83 12
7 85 10
7 86 9
7 87 8
7 88 9
7 90 16
7 92 14
7 93 13
7 94 12
7 95 11
7 97 9
7 99 11
8 9 1
8 10 9
8 11 8
8 12 7
8 13 6
8 14 5
8 15 4
8 17 2
8 18 1
8 19 2
8 20 10
8 21 9
8 22 8
8 23 7
8 24 6
8 25 5
8 26 4
8 27 3
8 28 2
8 30 11
8 31 10
8 32 9
8 34 7
8 35 6
8 37 4
8 38 3
8 39 4
8 40 12
8 41 11
8 42 10
8 43 9
8 44 8
8 45 7
8 46 6
8 48 4
8 49 5
8 52 11
8 53 10
8 56 7
8 57 6
8 58 5
8 60 14
8 61 13
8 62 12
8 63 11
8 64 10
8 65 9
8 66 8
8 67 7
8 69 7
8 70 15
8 71 14
8 73 12
8 74 11
8 77 8
8 78 7
8 79 8
8 80 16
8 81 15
8 82 14
8 83 13
8 85 11
8 86 10
8 87 9
8 88 8
8 90 17
8 92 15
8 93 14
8 94 13
8 95 12
8 97 10
8 99 10
9 10 10
9 11 9
9 12 8
9 13 7
9 14 6
9 15 5
9 17 3
9 18 2
9 19 1
9 20 11
9 21 10
9 22 9
9 23 8
9 24 7
9 25 6
9 26 5
9 27 4
9 28 3
9 30 12
9 31 11
9 32 10
9 34 8
9 35 7
9 37 5
9 38 4
9 39 3
9 40 13
9 41 12
9 42 11
9 43 10
9 44 9
9 45 8
9 46 7
9 48 5
9 49 4
9 52 12
9 53 11
9 56 8
9 57 7
9 58 6
9 60 15
9 61 14
9 62 13
9 63 12
9 64 11
9 65 10
9 66 9
9 67 8
9 69 6
9 70 16
9 71 15
9 73 13
9 74 12
9 77 9
9 78 8
9 79 7
9 80 17
9 81 16
9 82 15
9 83 14
9 85 12
9 86 11
9 87 10
9 88 9
9 90 18
9 92 16
9 93 15
9 94 14
9 95 13
9 97 11
9 99 9
10 11 1
10 12 2
10 13 3
10 14 4
10 15 5
10 17 7
10 18 8
10 19 9
10 20 1
10 21 2
10 22 3
10 23 4
10 24 5
10 25 6
10 26 7
10 27 8
10 28 9
10 30 2
10 31 3
10 32 4
10 34 6
10 35 7
10 37 9
10 38 10
10 39 11
10 40 3
10 41 4
10 42 5
10 43 6
10 44 7
10 45 8
10 46 9
10 48 11
10 49 12
10 52 6
10 53 7
10 56 10
10 57 11
10 58 12
10 60 5
10 61 6
10 62 7
10 63 8
10 64 9
10 65 10
10 66 11
10 67 12
10 69 14
10 70 6
10 71 7
10 73 9
10 74 10
10 77 13
10 78 14
10 79 15
10 80 7
10 81 8
10 82 9
10 83 10
10 85 12
10 86 13
10 87 14
10 88 15
10 90 8
10 92 10
10 93 11
10 94 12
10 95 13
10 97 15
10 99 17
11 12 1
11 13 2
11 14 3
11 15 4
11 17 6
11 18 7
11 19 8
11 20 2
11 21 1
11 22 2
11 23 3
11 24 4
11 25 5
11 26 6
11 27 7
11 28 8
11 30 3
11 31 2
11 32 3
11 34 5
11 35 6
11 37 8
11 38 9
11 39 10
11 40 4
11 41 3
11 42 4
11 43 5
11 44 6
11 45 7
11 46 8
11 48 10
11 49 11
11 52 5
11 53 6
11 56 9
11 57 10
11 58 11
11 60 6
11 61 5
11 62 6
11 63 7
11 64 8
11 65 9
11 66 10
11 67 11
11 69 13
11 70 7
11 71 6
11 73 8
11 74 9
11 77 12
11 78 13
11 79 14
11 80 8
11 81 7
11 82 8
11 83 9
11 85 11
11 86 12
11 87 13
11 88 14
11 90 9
11 92 9
11 93 10
11 94 11
11 95 12
11 97 14
11 99 16
12 13 1
12 14 2
12 15 3
12 17 5
12 18 6
12 19 7
12 20 3
12 21 2
12 22 1
12 23 2
12 24 3
12 25 4
12 26 5
12 27 6
12 28 7
12 30 4
12 31 3
12 32 2
12 34 4
12 35 5
12 37 7
12 38 8
12 39 9
12 40 5
12 41 4
12 42 3
12 43 4
12 44 5
12 45 6
12 46 7
12 48 9
12 49 10
12 52 4
12 53 5
12 56 8
12 57 9
12 58 10
12 60 7
12 61 6
12 62 5
12 63 6
12 64 7
12 65 8
12 66 9
12 67 10
12 69 12
12 70 8
12 71 7
12 73 7
12 74 8
12 77 11
12 78 12
12 79 13
12 80 9
12 81 8
12 82 7
12 83 8
12 85 10
12 86 11
12 87 12
12 88 13
12 90 10
12 92 8
12 93 9
12 94 10
12 95 11
12 97 13
12 99 15
13 14 1
13 15 2
13 17 4
13 18 5
13 19 6
13 20 4
13 21 3
13 22 2
13 23 1
13 24 2
13 25 3
13 26 4
13 27 5
13 28 6
13 30 5
13 31 4
13 32 3
13 34 3
13 35 4
13 37 6
13 38 7
13 39 8
13 40 6
13 41 5
13 42 4
13 43 3
13 44 4
13 45 5
13 46 6
13 48 8
13 49 9
13 52 5
13 53 4
13 56 7
13 57 8
13 58 9
13 60 8
13 61 7
13 62 6
13 63 5
13 64 6
13 65 7
13 66 8
13 67 9
13 69 11
13 70 9
13 71 8
13 73 6
13 74 7
13 77 10
13 78 11
13 79 12
13 80 10
13 81 9
13 82 8
13 83 7
13 85 9
13 86 10
13 87 11
13 88 12
13 90 11
13 92 9
13 93 8
13 94 9
13 95 10
13 97 12
13 99 14
14 15 1
14 17 3
14 18 4
14 19 5
14 20 5
14 21 4
14 22 3
14 23 2
14 24 1
14 25 2
14 26 3
14 27 4
14 28 5
14 30 6
14 31 5
14 32 4
14 34 2
14 35 3
14 37 5
14 38 6
14 39 7
14 40 7
14 41 6
14 42 5
14 43 4
14 44 3
14 45 4
14 46 5
14 48 7
14 49 8
14 52 6
14 53 5
14 56 6
14 57 7
14 58 8
14 60 9
14 61 8
14 62 7
14 63 6
14 64 5
14 65 6
14 66 7
14 67 8
14 69 10
14 70 10
14 71 9
14 73 7
14 74 6
14 77 9
14 78 10
14 79 11
14 80 11
14 81 10
14 82 9
14 83 8
14 85 8
14 86 9
14 87 10
14 88 11
14 90 12
14 92 10
14 93 9
14 94 8
14 95 9
14 97 11
14 99 13
15 17 2
15 18 3
15 19 4
15 20 6
15 21 5
15 22 4
15 23 3
15 24 2
15 25 1
15 26 2
15 27 3
15 28 4
15 30 7
15 31 6
15 32 5
15 34 3
15 35 2
15 37 4
15 38 5
15 39 6
15 40 8
15 41 7
15 42 6
15 43 5
15 44 4
15 45 3
15 46 4
15 48 6
15 49 7
15 52 7
15 53 6
15 56 5
15 57 6
15 58 7
15 60 10
15 61 9
15 62 8
15 63 7
15 64 6
15 65 5
15 66 6
15 67 7
15 69 9
15 70 11
15 71 10
15 73 8
15 74 7
15 77 8
15 78 9
15 79 10
15 80 12
15 81 11
15 82 10
15 83 9
15 85 7
15 86 8
15 87 9
15 88 10
15 90 13
15 92 11
15 93 10
15 94 9
15 95 8
15 97 10
15 99 12
17 18 1
17 19 2
17 20 8
17 21 7
17 22 6
17 23 5
17 24 4
17 25 3
17 26 2
17 27 1
17 28 2
17 30 9
17 31 8
17 32 7
17 34 5
17 35 4
17 37 2
17 38 3
17 39 4
17 40 10
17 41 9
17 42 8
17 43 7
17 44 6
17 45 5
17 46 4
17 48 4
17 49 5
17 52 9
17 53 8
17 56 5
17 57 4
17 58 5
17 60 12
17 61 11
17 62 10
17 63 9
17 64 8
17 65 7
17 66 6
17 67 5
17 69 7
17 70 13
17 71 12
17 73 10
17 74 9
17 77 6
17 78 7
17 79 8
17 80 14
17 81 13
17 82 12
17 83 11
17 85 9
17 86 8
17 87 7
17 88 8
17 90 15
17 92 13
17 93 12
17 94 11
17 95 10
17 97 8
17 99 10
18 19 1
18 20 9
18 21 8
18 22 7
18 23 6
18 24 5
18 25 4
18 26 3
18 27 2
18 28 1
18 30 10
18 31 9
18 32 8
18 34 6
18 35 5
18 37 3
18 38 2
18 39 3
18 40 11
18 41 10
18 42 9
18 43 8
18 44 7
18 45 6
18 46 5
18 48 3
18 49 4
18 52 10
18 53 9
18 56 6
18 57 5
18 58 4
18 60 13
18 61 12
18 62 11
18 63 10
18 64 9
18 65 8
18 66 7
18 67 6
18 69 6
18 70 14
18 71 13
18 73 11
18 74 10
18 77 7
18 78 6
18 79 7
18 80 15
18 81 14
18 82 13
18 83 12
18 85 10
18 86 9
18 87 8
18 88 7
18 90 16
18 92 14
18 93 13
18 94 12
18 95 11
18 97 9
18 99 9
19 20 10
19 21 9
19 22 8
19 23 7
19 24 6
19 25 5
19 26 4
19 27 3
19 28 2
19 30 11
19 31 10
19 32 9
19 34 7
19 35 6
19 37 4
19 38 3
19 39 2
19 40 12
19 41 11
19 42 10
19 43 9
19 44 8
19 45 7
19 46 6
19 48 4
19 49 3
19 52 11
19 53 10
19 56 7
19 57 6
19 58 5
19 60 14
19 61 13
19 62 12
19 63 11
19 64 10
19 65 9
19 66 8
19 67 7
19 69 5
19 70 15
19 71 14
19 73 12
19 74 11
19 77 8
19 78 7
19 79 6
19 80 16
19 81 15
19 82 14
19 83 13
19 85 11
19 86 10
19 87 9
19 88 8
19 90 17
19 92 15
19 93 14
19 94 13
19 95 12
19 97 10
19 99 8
20 21 1
20 22 2
20 23 3
20 24 4
20 25 5
20 26 6
20 27 7
20 28 8
20 30 1
20 31 2
20 32 3
20 34 5
20 35 6
20 37 8
20 38 9
20 39 10
20 40 2
20 41 3
20 42 4
20 43 5
20 44 6
20 45 7
20 46 8
20 48 10
20 49 11
20 52 5
20 53 6
20 56 9
20 57 10
20 58 11
20 60 4
20 61 5
20 62 6
20 63 7
20 64 8
20 65 9
20 66 10
20 67 11
20 69 13
20 70 5
20 71 6
20 73 8
20 74 9
20 77 12
20 78 13
20 79 14
20 80 6
20 81 7
20 82 8
20 83 9
20 85 11
20 86 12
20 87 13
20 88 14
20 90 7
20 92 9
20 93 10
20 94 11
20 95 12
20 97 14
20 99 16
21 22 1
21 23 2
21 24 3
21 25 4
21 26 5
21 27 6
21 28 7
21 30 2
21 31 1
21 32 2
21 34 4
21 35 5
21 37 7
21 38 8
21 39 9
21 40 3
21 41 2
21 42 3
21 43 4
21 44 5
21 45 6
21 46 7
21 48 9
21 49 10
21 52 4
21 53 5
21 56 8
21 57 9
21 58 10
21 60 5
21 61 4
21 62 5
21 63 6
21 64 7
21 65 8
21 66 9
21 67 10
21 69 12
21 70 6
21 71 5
21 73 7
21 74 8
21 77 11
21 78 12
21 79 13
21 80 7
21 81 6
21 82 7
21 83 8
21 85 10
21 86 11
21 87 12
21 88 13
21 90 8
21 92 8
21 93 9
21 94 10
21 95 11
21 97 13
21 99 15
22 23 1
22 24 2
22 25 3
22 26 4
22 27 5
22 28 6
22 30 3
22 31 2
22 32 1
22 34 3
22 35 4
22 37 6
22 38 7
22 39 8
22 40 4
22 41 3
22 42 2
22 43 3
22 44 4
22 45 5
22 46 6
22 48 8
22 49 9
22 52 3
22 53 4
22 56 7
22 57 8
22 58 9
22 60 6
22 61 5
22 62 4
22 63 5
22 64 6
22 65 7
22 66 8
22 67 9
22 69 11
22 70 7
22 71 6
22 73 6
22 74 7
22 77 10
22 78 11
22 79 12
22 80 8
22 81 7
22 82 6
22 83 7
22 85 9
22 86 10
22 87 11
22 88 12
22 90 9
22 92 7
22 93 8
22 94 9
22 95 10
22 97 12
22 99 14
23 24 1
23 25 2
23 26 3
23 27 4
23 28 5
23 30 4
23 31 3
23 32 2
23 34 2
23 35 3
23 37 5
23 38 6
23 39 7
23 40 5
23 41 4
23 42 3
23 43 2
23 44 3
23 45 4
23 46 5
23 48 7
23 49 8
23 52 4
23 53 3
23 56 6
23 57 7
23 58 8
23 60 7
23 61 6
23 62 5
23 63 4
23 64 5
23 65 6
23 66 7
23 67 8
23 69 10
23 70 8
23 71 7
23 73 5
23 74 6
23 77 9
23 78 10
23 79 11
23 80 9
23 81 8
23 82 7
23 83 6
23 85 8
23 86 9
23 87 10
23 88 11
23 90 10
23 92 8
23 93 7
23 94 8
23 95 9
23 97 11
23 99 13
24 25 1
24 26 2
24 27 3
24 28 4
24 30 5
24 31 4
24 32 3
24 34 1
24 35 2
24 37 4
24 38 5
24 39 6
24 40 6
24 41 5
24 42 4
24 43 3
24 44 2
24 45 3
24 46 4
24 48 6
24 49 7
24 52 5
24 53 4
24 56 5
24 57 6
24 58 7
24 60 8
24 61 7
24 62 6
24 63 5
24 64 4
24 65 5
24 66 6
24 67 7
24 69 9
24 70 9
24 71 8
24 73 6
24 74 5
24 77 8
24 78 9
24 79 10
24 80 10
24 81 9
24 82 8
24 83 7
24 85 7
24 86 8
24 87 9
24 88 10
24 90 11
24 92 9
24 93 8
24 94 7
24 95 8
24 97 10
24 99 12
25 26 1
25 27 2
25 28 3
25 30 6
25 31 5
25 32 4
25 34 2
25 35 1
25 37 3
25 38 4
25 39 5
25 40 7
25 41 6
25 42 5
25 43 4
25 44 3
25 45 2
25 46 3
25 48 5
25 49 6
25 52 6
25 53 5
25 56 4
25 57 5
25 58 6
25 60 9
25 61 8
25 62 7
25 63 6
25 64 5
25 65 4
25 66 5
25 67 6
25 69 8
25 70 10
25 71 9
25 73 7
25 74 6
25 77 7
25 78 8
25 79 9
25 80 11
25 81 10
25 82 9
25 83 8
25 85 6
25 86 7
25 87 8
25 88 9
25 90 12
25 92 10
25 93 9
25 94 8
25 95 7
25 97 9
25 99 11
26 27 1
26 28 2
26 30 7
26 31 6
26 32 5
26 34 3
26 35 2
26 37 2
26 38 3
26 39 4
26 40 8
26 41 7
26 42 6
26 43 5
26 44 4
26 45 3
26 46 2
26 48 4
26 49 5
26 52 7
26 53 6
26 56 3
26 57 4
26 58 5
26 60 10
26 61 9
26 62 8
26 63 7
26 64 6
26 65 5
26 66 4
26 67 5
26 69 7
26 70 11
26 71 10
26 73 8
26 74 7
26 77 6
26 78 7
26 79 8
26 80 12
26 81 11
26 82 10
26 83 9
26 85 7
26 86 6
26 87 7
26 88 8
26 90 13
26 92 11
26 93 10
26 94 9
26 95 8
26 97 8
26 99 10
27 28 1
27 30 8
27 31 7
27 32 6
27 34 4
27 35 3
27 37 1
27 38 2
27 39 3
27 40 9
27 41 8
27 42 7
27 43 6
27 44 5
27 45 4
27 46 3
27 48 3
27 49 4
27 52 8
27 53 7
27 56 4
27 57 3
27 58 4
27 60 11
27 61 10
27 62 9
27 63 8
27 64 7
27 65 6
27 66 5
27 67 4
27 69 6
27 70 12
27 71 11
27 73 9
27 74 8
27 77 5
27 78 6
27 79 7
27 80 13
27 81 12
27 82 11
27 83 10
27 85 8
27 86 7
27 87 6
27 88 7
27 90 14
27 92 12
27 93 11
27 94 10
27 95 9
27 97 7
27 99 9
28 30 9
28 31 8
28 32 7
28 34 5
28 35 4
28 37 2
28 38 1
28 39 2
28 40 10
28 41 9
28 42 8
28 43 7
28 44 6
28 45 5
28 46 4
28 48 2
28 49 3
28 52 9
28 53 8
28 56 5
28 57 4
28 58 3
28 60 12
28 61 11
28 62 10
28 63 9
28 64 8
28 65 7
28 66 6
28 67 5
28 69 5
28 70 13
28 71 12
28 73 10
28 74 9
28 77 6
28 78 5
28 79 6
28 80 14
28 81 13
28 82 12
28 83 11
28 85 9
28 86 8
28 87 7
28 88 6
28 90 15
28 92 13
28 93 12
28 94 11
28 95 10
28 97 8
28 99 8
30 31 1
30 32 2
30 34 4
30 35 5
30 37 7
30 38 8
30 39 9
30 40 1
30 41 2
30 42 3
30 43 4
30 44 5
30 45 6
30 46 7
30 48 9
30 49 10
30 52 4
30 53 5
30 56 8
30 57 9
30 58 10
30 60 3
30 61 4
30 62 5
30 63 6
30 64 7
30 65 8
30 66 9
30 67 10
30 69 12
30 70 4
30 71 5
30 73 7
30 74 8
30 77 11
30 78 12
30 79 13
30 80 5
30 81 6
30 82 7
30 83 8
30 85 10
30 86 11
30 87 12
30 88 13
30 90 6
30 92 8
30 93 9
30 94 10
30 95 11
30 97 13
30 99 15
31 32 1
31 34 3
31 35 4
31 37 6
31 38 7
31 39 8
31 40 2
31 41 1
31 42 2
31 43 3
31 44 4
31 45 5
31 46 6
31 48 8
31 49 9
31 52 3
31 53 4
31 56 7
31 57 8
31 58 9
31 60 4
31 61 3
31 62 4
31 63 5
31 64 6
31 65 7
31 66 8
31 67 9
31 69 11
31 70 5
31 71 4
31 73 6
31 74 7
31 77 10
31 78 11
31 79 12
31 80 6
31 81 5
31 82 6
31 83 7
31 85 9
31 86 10
31 87 11
31 88 12
31 90 7
31 92 7
31 93 8
31 94 9
31 95 10
31 97 12
31 99 14
32 34 2
32 35 3
32 37 5
32 38 6
32 39 7
32 40 3
32 41 2
32 42 1
32 43 2
32 44 3
32 45 4
32 46 5
32 48 7
32 49 8
32 52 2
32 53 3
32 56 6
32 57 7
32 58 8
32 60 5
32 61 4
32 62 3
32 63 4
32 64 5
32 65 6
32 66 7
32 67 8
32 69 10
32 70 6
32 71 5
32 73 5
32 74 6
32 77 9
32 78 10
32 79 11
32 80 7
32 81 6
32 82 5
32 83 6
32 85 8
32 86 9
32 87 10
32 88 11
32 90 8
32 92 6
32 93 7
32 94 8
32 95 9
32 97 11
32 99 13
34 35 1
34 37 3
34 38 4
34 39 5
34 40 5
34 41 4
34 42 3
34 43 2
34 44 1
34 45 2
34 46 3
34 48 5
34 49 6
34 52 4
34 53 3
34 56 4
34 57 5
34 58 6
34 60 7
34 61 6
34 62 5
34 63 4
34 64 3
34 65 4
34 66 5
34 67 6
34 69 8
34 70 8
34 71 7
34 73 5
34 74 4
34 77 7
34 78 8
34 79 9
34 80 9
34 81 8
34 82 7
34 83 6
34 85 6
34 86 7
34 87 8
34 88 9
34 90 10
34 92 8
34 93 7
34 94 6
34 95 7
34 97 9
34 99 11
35 37 2
35 38 3
35 39 4
35 40 6
35 41 5
35 42 4
35 43 3
35 44 2
35 45 1
35 46 2
35 48 4
35 49 5
35 52 5
35 53 4
35 56 3
35 57 4
35 58 5
35 60 8
35 61 7
35 62 6
35 63 5
35 64 4
35 65 3
35 66 4
35 67 5
35 69 7
35 70 9
35 71 8
35 73 6
35 74 5
35 77 6
35 78 7
35 79 8
35 80 10
35 81 9
35 82 8
35 83 7
35 85 5
35 86 6
35 87 7
35 88 8
35 90 11
35 92 9
35 93 8
35 94 7
35 95 6
35 97 8
35 99 10
37 38 1
37 39 2
37 40 8
37 41 7
37 42 6
37 43 5
37 44 4
37 45 3
37 46 2
37 48 2
37 49 3
37 52 7
37 53 6
37 56 3
37 57 2
37 58 3
37 60 10
37 61 9
37 62 8
37 63 7
37 64 6
37 65 5
37 66 4
37 67 3
37 69 5
37 70 11
37 71 10
37 73 8
37 74 7
37 77 4
37 78 5
37 79 6
37 80 12
37 81 11
37 82 10
37 83 9
37 85 7
37 86 6
37 87 5
37 88 6
37 90 13
37 92 11
37 93 10
37 94 9
37 95 8
37 97 6
37 99 8
38 39 1
38 40 9
38 41 8
38 42 7
38 43 6
38 44 5
38 45 4
38 46 3
38 48 1
38 49 2
38 52 8
38 53 7
38 56 4
38 57 3
38 58 2
38 60 11
38 61 10
38 62 9
38 63 8
38 64 7
38 65 6
38 66 5
38 67 4
38 69 4
38 70 12
38 71 11
38 73 9
38 74 8
38 77 5
38 78 4
38 79 5
38 80 13
38 81 12
38 82 11
38 83 10
38 85 8
38 86 7
38 87 6
38 88 5
38 90 14
38 92 12
38 93 11
38 94 10
38 95 9
38 97 7
38 99 7
39 40 10
39 41 9
39 42 8
39 43 7
39 44 6
39 45 5
39 46 4
39 48 2
39 49 1
39 52 9
39 53 8
39 56 5
39 57 4
39 58 3
39 60 12
39 61 11
39 62 10
39 63 9
39 64 8
39 65 7
39 66 6
39 67 5
39 69 3
39 70 13
39 71 12
39 73 10
39 74 9
39 77 6
39 78 5
39 79 4
39 80 14
39 81 13
39 82 12
39 83 11
39 85 9
39 86 8
39 87 7
39 88 6
39 90 15
39 92 13
39 93 12
39 94 11
39 95 10
39 97 8
39 99 6
40 41 1
40 42 2
40 43 3
40 44 4
40 45 5
40 46 6
40 48 8
40 49 9
40 52 3
40 53 4
40 56 7
40 57 8
40 58 9
40 60 2
40 61 3
40 62 4
40 63 5
40 64 6
40 65 7
40 66 8
40 67 9
40 69 11
40 70 3
40 71 4
40 73 6
40 74 7
40 77 10
40 78 11
40 79 12
40 80 4
40 81 5
40 82 6
40 83 7
40 85 9
40 86 10
40 87 11
40 88 12
40 90 5
40 92 7
40 93 8
40 94 9
40 95 10
40 97 12
40 99 14
41 42 1
41 43 2
41 44 3
41 45 4
41 46 5
41 48 7
41 49 8
41 52 2
41 53 3
41 56 6
41 57 7
41 58 8
41 60 3
41 61 2
41 62 3
41 63 4
41 64 5
41 65 6
41 66 7
41 67 8
41 69 10
41 70 4
41 71 3
41 73 5
41 74 6
41 77 9
41 78 10
41 79 11
41 80 5
41 81 4
41 82 5
41 83 6
41 85 8
41 86 9
41 87 10
41 88 11
41 90 6
41 92 6
41 93 7
41 94 8
41 95 9
41 97 11
41 99 13
42 43 1
42 44 2
42 45 3
42 46 4
42 48 6
42 49 7
42 52 1
42 53 2
42 56 5
42 57 6
42 58 7
42 60 4
42 61 3
42 62 2
42 63 3
42 64 4
42 65 5
42 66 6
42 67 7
42 69 9
42 70 5
42 71 4
42 73 4
42 74 5
42 77 8
42 78 9
42 79 10
42 80 6
42 81 5
42 82 4
42 83 5
42 85 7
42 86 8
42 87 9
42 88 10
42 90 7
42 92 5
42 93 6
42 94 7
42 95 8
42 97 10
42 99 12
43 44 1
43 45 2
43 46 3
43 48 5
43 49 6
43 52 2
43 53 1
43 56 4
43 57 5
43 58 6
43 60 5
43 61 4
43 62 3
43 63 2
43 64 3
43 65 4
43 66 5
43 67 6
43 69 8
43 70 6
43 71 5
43 73 3
43 74 4
43 77 7
43 78 8
43 79 9
43 80 7
43 81 6
43 82 5
43 83 4
43 85 6
43 86 7
43 87 8
43 88 9
43 90 8
43 92 6
43 93 5
43 94 6
43 95 7
43 97 9
43 99 11
44 45 1
44 46 2
44 48 4
44 49 5
44 52 3
44 53 2
44 56 3
44 57 4
44 58 5
44 60 6
44 61 5
44 62 4
44 63 3
44 64 2
44 65 3
44 66 4
44 67 5
44 69 7
44 70 7
44 71 6
44 73 4
44 74 3
44 77 6
44 78 7
44 79 8
44 80 8
44 81 7
44 82 6
44 83 5
44 85 5
44 86 6
44 87 7
44 88 8
44 90 9
44 92 7
44 93 6
44 94 5
44 95 6
44 97 8
44 99 10
45 46 1
45 48 3
45 49 4
45 52 4
45 53 3
45 56 2
45 57 3
45 58 4
45 60 7
45 61 6
45 62 5
45 63 4
45 64 3
45 65 2
45 66 3
45 67 4
45 69 6
45 70 8
45 71 7
45 73 5
45 74 4
45 77 5
45 78 6
45 79 7
45 80 9
45 81 8
45 82 7
45 83 6
45 85 4
45 86 5
45 87 6
45 88 7
45 90 10
45 92 8
45 93 7
45 94 6
45 95 5
45 97 7
45 99 9
46 48 2
46 49 3
46 52 5
46 53 4
46 56 1
46 57 2
46 58 3
46 60 8
46 61 7
46 62 6
46 63 5
46 64 4
46 65 3
46 66 2
46 67 3
46 69 5
46 70 9
46 71 8
46 73 6
46 74 5
46 77 4
46 78 5
46 79 6
46 80 10
46 81 9
46 82 8
46 83 7
46 85 5
46 86 4
46 87 5
46 88 6
46 90 11
46 92 9
46 93 8
46 94 7
46 95 6
46 97 6
46 99 8
48 49 1
48 52 7
48 53 6
48 56 3
48 57 2
48 58 1
48 60 10
48 61 9
48 62 8
48 63 7
48 64 6
48 65 5
48 66 4
48 67 3
48 69 3
48 70 11
48 71 10
48 73 8
48 74 7
48 77 4
48 78 3
48 79 4
48 80 12
48 81 11
48 82 10
48 83 9
48 85 7
48 86 6
48 87 5
48 88 4
48 90 13
48 92 11
48 93 10
48 94 9
48 95 8
48 97 6
48 99 6
49 52 8
49 53 7
49 56 4
49 57 3
49 58 2
49 60 11
49 61 10
49 62 9
49 63 8
49 64 7
49 65 6
49 66 5
49 67 4
49 69 2
49 70 12
49 71 11
49 73 9
49 74 8
49 77 5
49 78 4
49 79 3
49 80 13
49 81 12
49 82 11
49 83 10
49 85 8
49 86 7
49 87 6
49 88 5
49 90 14
49 92 12
49 93 11
49 94 10
49 95 9
49 97 7
49 99 5
52 53 1
52 56 4
52 57 5
52 58 6
52 60 3
52 61 2
52 62 1
52 63 2
52 64 3
52 65 4
52 66 5
52 67 6
52 69 8
52 70 4
52 71 3
52 73 3
52 74 4
52 77 7
52 78 8
52 79 9
52 80 5
52 81 4
52 82 3
52 83 4
52 85 6
52 86 7
52 87 8
52 88 9
52 90 6
52 92 4
52 93 5
52 94 6
52 95 7
52 97 9
52 99 11
53 56 3
53 57 4
53 58 5
53 60 4
53 61 3
53 62 2
53 63 1
53 64 2
53 65 3
53 66 4
53 67 5
53 69 7
53 70 5
53 71 4
53 73 2
53 74 3
53 77 6
53 78 7
53 79 8
53 80 6
53 81 5
53 82 4
53 83 3
53 85 5
53 86 6
53 87 7
53 88 8
53 90 7
53 92 5
53 93 4
53 94 5
53 95 6
53 97 8
53 99 10
56 57 1
56 58 2
56 60 7
56 61 6
56 62 5
56 63 4
56 64 3
56 65 2
56 66 1
56 67 2
56 69 4
56 70 8
56 71 7
56 73 5
56 74 4
56 77 3
56 78 4
56 79 5
56 80 9
56 81 8
56 82 7
56 83 6
56 85 4
56 86 3
56 87 4
56 88 5
56 90 10
56 92 8
56 93 7
56 94 6
56 95 5
56 97 5
56 99 7
57 58 1
57 60 8
57 61 7
57 62 6
57 63 5
57 64 4
57 65 3
57 66 2
57 67 1
57 69 3
57 70 9
57 71 8
57 73 6
57 74 5
57 77 2
57 78 3
57 79 4
57 80 10
57 81 9
57 82 8
57 83 7
57 85 5
57 86 4
57 87 3
57 88 4
57 90 11
57 92 9
57 93 8
57 94 7
57 95 6
57 97 4
57 99 6
58 60 9
58 61 8
58 62 7
58 63 6
58 64 5
58 65 4
58 66 3
58 67 2
58 69 2
58 70 10
58 71 9
58 73 7
58 74 6
58 77 3
58 78 2
58 79 3
58 80 11
58 81 10
58 82 9
58 83 8
58 85 6
58 86 5
58 87 4
58 88 3
58 90 12
58 92 10
58 93 9
58 94 8
58 95 7
58 97 5
58 99 5
60 61 1
60 62 2
60 63 3
60 64 4
60 65 5
60 66 6
60 67 7
60 69 9
60 70 1
60 71 2
60 73 4
60 74 5
60 77 8
60 78 9
60 79 10
60 80 2
60 81 3
60 82 4
60 83 5
60 85 7
60 86 8
60 87 9
60 88 10
60 90 3
60 92 5
60 93 6
60 94 7
60 95 8
60 97 10
60 99 12
61 62 1
61 63 2
61 64 3
61 65 4
61 66 5
61 67 6
61 69 8
61 70 2
61 71 1
61 73 3
61 74 4
61 77 7
61 78 8
61 79 9
61 80 3
61 81 2
61 82 3
61 83 4
61 85 6
61 86 7
61 87 8
61 88 9
61 90 4
61 92 4
61 93 5
61 94 6
61 95 7
61 97 9
61 99 11
62 63 1
62 64 2
62 65 3
62 66 4
62 67 5
62 69 7
62 70 3
62 71 2
62 73 2
62 74 3
62 77 6
62 78 7
62 79 8
62 80 4
62 81 3
62 82 2
62 83 3
62 85 5
62 86 6
62 87 7
62 88 8
62 90 5
62 92 3
62 93 4
62 94 5
62 95 6
62 97 8
62 99 10
63 64 1
63 65 2
63 66 3
63 67 4
63 69 6
63 70 4
63 71 3
63 73 1
63 74 2
63 77 5
63 78 6
63 79 7
63 80 5
63 81 4
63 82 3
63 83 2
63 85 4
63 86 5
63 87 6
63 88 7
63 90 6
63 92 4
63 93 3
63 94 4
63 95 5
63 97 7
63 99 9
64 65 1
64 66 2
64 67 3
64 69 5
64 70 5
64 71 4
64 73 2
64 74 1
64 77 4
64 78 5
64 79 6
64 80 6
64 81 5
64 82 4
64 83 3
64 85 3
64 86 4
64 87 5
64 88 6
64 90 7
64 92 5
64 93 4
64 94 3
64 95 4
64 97 6
64 99 8
65 66 1
65 67 2
65 69 4
65 70 6
65 71 5
65 73 3
65 74 2
65 77 3
65 78 4
65 79 5
65 80 7
65 81 6
65 82 5
65 83 4
65 85 2
65 86 3
65 87 4
65 88 5
65 90 8
65 92 6
65 93 5
65 94 4
65 95 3
65 97 5
65 99 7
66 67 1
66 69 3
66 70 7
66 71 6
66 73 4
66 74 3
66 77 2
66 78 3
66 79 4
66 80 8
66 81 7
66 82 6
66 83 5
66 85 3
66 86 2
66 87 3
66 88 4
66 90 9
66 92 7
66 93 6
66 94 5
66 95 4
66 97 4
66 99 6
67 69 2
67 70 8
67 71 7
67 73 5
67 74 4
67 77 1
67 78 2
67 79 3
67 80 9
67 81 8
67 82 7
67 83 6
67 85 4
67 86 3
67 87 2
67 88 3
67 90 10
67 92 8
67 93 7
67 94 6
67 95 5
67 97 3
67 99 5
69 70 10
69 71 9
69 73 7
69 74 6
69 77 3
69 78 2
69 79 1
69 80 11
69 81 10
69 82 9
69 83 8
69 85 6
69 86 5
69 87 4
69 88 3
69 90 12
69 92 10
69 93 9
69 94 8
69 95 7
69 97 5
69 99 3
70 71 1
70 73 3
70 74 4
70 77 7
70 78 8
70 79 9
70 80 1
70 81 2
70 82 3
70 83 4
70 85 6
70 86 7
70 87 8
70 88 9
70 90 2
70 92 4
70 93 5
70 94 6
70 95 7
70 97 9
70 99 11
71 73 2
71 74 3
71 77 6
71 78 7
71 79 8
71 80 2
71 81 1
71 82 2
71 83 3
71 85 5
71 86 6
71 87 7
71 88 8
71 90 3
71 92 3
71 93 4
71 94 5
71 95 6
71 97 8
71 99 10
73 74 1
73 77 4
73 78 5
73 79 6
73 80 4
73 81 3
73 82 2
73 83 1
73 85 3
73 86 4
73 87 5
73 88 6
73 90 5
73 92 3
73 93 2
73 94 3
73 95 4
73 97 6
73 99 8
74 77 3
74 78 4
74 79 5
74 80 5
74 81 4
74 82 3
74 83 2
74 85 2
74 86 3
74 87 4
74 88 5
74 90 6
74 92 4
74 93 3
74 94 2
74 95 3
74 97 5
74 99 7
77 78 1
77 79 2
77 80 8
77 81 7
77 82 6
77 83 5
77 85 3
77 86 2
77 87 1
77 88 2
77 90 9
77 92 7
77 93 6
77 94 5
77 95 4
77 97 2
77 99 4
78 79 1
78 80 9
78 81 8
78 82 7
78 83 6
78 85 4
78 86 3
78 87 2
78 88 1
78 90 10
78 92 8
78 93 7
78 94 6
78 95 5
78 97 3
78 99 3
79 80 10
79 81 9
79 82 8
79 83 7
79 85 5
79 86 4
79 87 3
79 88 2
79 90 11
79 92 9
79 93 8
79 94 7
79 95 6
79 97 4
79 99 2
80 81 1
80 82 2
80 83 3
80 85 5
80 86 6
80 87 7
80 88 8
80 90 1
80 92 3
80 93 4
80 94 5
80 95 6
80 97 8
80 99 10
81 82 1
81 83 2
81 85 4
81 86 5
81 87 6
81 88 7
81 90 2
81 92 2
81 93 3
81 94 4
81 95 5
81 97 7
81 99 9
82 83 1
82 85 3
82 86 4
82 87 5
82 88 6
82 90 3
82 92 1
82 93 2
82 94 3
82 95 4
82 97 6
82 99 8
83 85 2
83 86 3
83 87 4
83 88 5
83 90 4
83 92 2
83 93 1
83 94 2
83 95 3
83 97 5
83 99 7
85 86 1
85 87 2
85 88 3
85 90 6
85 92 4
85 93 3
85 94 2
85 95 1
85 97 3
85 99 5
86 87 1
86 88 2
86 90 7
86 92 5
86 93 4
86 94 3
86 95 2
86 97 2
86 99 4
87 88 1
87 90 8
87 92 6
87 93 5
87 94 4
87 95 3
87 97 1
87 99 3
88 90 9
88 92 7
88 93 6
88 94 5
88 95 4
88 97 2
88 99 2
90 92 2
90 93 3
90 94 4
90 95 5
90 97 7
90 99 9
92 93 1
92 94 2
92 95 3
92 97 5
92 99 7
93 94 1
93 95 2
93 97 4
93 99 6
94 95 1
94 97 3
94 99 5
95 97 2
95 99 4
97 99 2
0 1 1
0 2 4
0 3 3
0 4 3
1 2 1
1 3 4
1 4 2
2 3 2
2 4 0
3 4 4
