30 20
4 6 2
4 7 3
4 13 2
4 16 3
4 18 5
4 20 6
4 24 2
4 27 5
4 30 7
4 36 5
4 38 7
4 41 7
4 42 6
4 49 9
4 52 7
4 53 6
4 58 9
4 64 6
4 66 8
4 69 11
4 74 7
4 78 11
4 80 12
4 83 9
4 84 8
4 85 9
4 95 10
4 97 12
4 98 13
6 7 1
6 13 4
6 16 1
6 18 3
6 20 8
6 24 4
6 27 3
6 30 9
6 36 3
6 38 5
6 41 9
6 42 8
6 49 7
6 52 9
6 53 8
6 58 7
6 64 8
6 66 6
6 69 9
6 74 9
6 78 9
6 80 14
6 83 11
6 84 10
6 85 9
6 95 10
6 97 10
6 98 11
7 13 5
7 16 2
7 18 2
7 20 9
7 24 5
7 27 2
7 30 10
7 36 4
7 38 4
7 41 10
7 42 9
7 49 6
7 52 10
7 53 9
7 58 6
7 64 9
7 66 7
7 69 8
7 74 10
7 78 8
7 80 15
7 83 12
7 84 11
7 85 10
7 95 11
7 97 9
7 98 10
13 16 3
13 18 5
13 20 4
13 24 2
13 27 5
13 30 5
13 36 5
13 38 7
13 41 5
13 42 4
13 49 9
13 52 5
13 53 4
13 58 9
13 64 6
13 66 8
13 69 11
13 74 7
13 78 11
13 80 10
13 83 7
13 84 8
13 85 9
13 95 10
13 97 12
13 98 13
16 18 2
16 20 7
16 24 3
16 27 2
16 30 8
16 36 2
16 38 4
16 41 8
16 42 7
16 49 6
16 52 8
16 53 7
16 58 6
16 64 7
16 66 5
16 69 8
16 74 8
16 78 8
16 80 13
16 83 10
16 84 9
16 85 8
16 95 9
16 97 9
16 98 10
18 20 9
18 24 5
18 27 2
18 30 10
18 36 4
18 38 2
18 41 10
18 42 9
18 49 4
18 52 10
18 53 9
18 58 4
18 64 9
18 66 7
18 69 6
18 74 10
18 78 6
18 80 15
18 83 12
18 84 11
18 85 10
18 95 11
18 97 9
18 98 8
20 24 4
20 27 7
20 30 1
20 36 7
20 38 9
20 41 3
20 42 4
20 49 11
20 52 5
20 53 6
20 58 11
20 64 8
20 66 10
20 69 13
20 74 9
20 78 13
20 80 6
20 83 9
20 84 10
20 85 11
20 95 12
20 97 14
20 98 15
24 27 3
24 30 5
24 36 3
24 38 5
24 41 5
24 42 4
24 49 7
24 52 5
24 53 4
24 58 7
24 64 4
24 66 6
24 69 9
24 74 5
24 78 9
24 80 10
24 83 7
24 84 6
24 85 7
24 95 8
24 97 10
24 98 11
27 30 8
27 36 2
27 38 2
27 41 8
27 42 7
27 49 4
27 52 8
27 53 7
27 58 4
27 64 7
27 66 5
27 69 6
27 74 8
27 78 6
27 80 13
27 83 10
27 84 9
27 85 8
27 95 9
27 97 7
27 98 8
30 36 6
30 38 8
30 41 2
30 42 3
30 49 10
30 52 4
30 53 5
30 58 10
30 64 7
30 66 9
30 69 12
30 74 8
30 78 12
30 80 5
30 83 8
30 84 9
30 85 10
30 95 11
30 97 13
30 98 14
36 38 2
36 41 6
36 42 5
36 49 4
36 52 6
36 53 5
36 58 4
36 64 5
36 66 3
36 69 6
36 74 6
36 78 6
36 80 11
36 83 8
36 84 7
36 85 6
36 95 7
36 97 7
36 98 8
38 41 8
38 42 7
38 49 2
38 52 8
38 53 7
38 58 2
38 64 7
38 66 5
38 69 4
38 74 8
38 78 4
38 80 13
38 83 10
38 84 9
38 85 8
38 95 9
38 97 7
38 98 6
41 42 1
41 49 8
41 52 2
41 53 3
41 58 8
41 64 5
41 66 7
41 69 10
41 74 6
41 78 10
41 80 5
41 83 6
41 84 7
41 85 8
41 95 9
41 97 11
41 98 12
42 49 7
42 52 1
42 53 2
42 58 7
42 64 4
42 66 6
42 69 9
42 74 5
42 78 9
42 80 6
42 83 5
42 84 6
42 85 7
42 95 8
42 97 10
42 98 11
49 52 8
49 53 7
49 58 2
49 64 7
49 66 5
49 69 2
49 74 8
49 78 4
49 80 13
49 83 10
49 84 9
49 85 8
49 95 9
49 97 7
49 98 6
52 53 1
52 58 6
52 64 3
52 66 5
52 69 8
52 74 4
52 78 8
52 80 5
52 83 4
52 84 5
52 85 6
52 95 7
52 97 9
52 98 10
53 58 5
53 64 2
53 66 4
53 69 7
53 74 3
53 78 7
53 80 6
53 83 3
53 84 4
53 85 5
53 95 6
53 97 8
53 98 9
58 64 5
58 66 3
58 69 2
58 74 6
58 78 2
58 80 11
58 83 8
58 84 7
58 85 6
58 95 7
58 97 5
58 98 4
64 66 2
64 69 5
64 74 1
64 78 5
64 80 6
64 83 3
64 84 2
64 85 3
64 95 4
64 97 6
64 98 7
66 69 3
66 74 3
66 78 3
66 80 8
66 83 5
66 84 4
66 85 3
66 95 4
66 97 4
66 98 5
69 74 6
69 78 2
69 80 11
69 83 8
69 84 7
69 85 6
69 95 7
69 97 5
69 98 4
74 78 4
74 80 5
74 83 2
74 84 1
74 85 2
74 95 3
74 97 5
74 98 6
78 80 9
78 83 6
78 84 5
78 85 4
78 95 5
78 97 3
78 98 2
80 83 3
80 84 4
80 85 5
80 95 6
80 97 8
80 98 9
83 84 1
83 85 2
83 95 3
83 97 5
83 98 6
84 85 1
84 95 2
84 97 4
84 98 5
85 95 1
85 97 3
85 98 4
95 97 2
95 98 3
97 98 1
0 1 2
0 2 3
0 3 2
0 4 3
0 5 4
0 6 3
0 7 3
0 8 4
0 9 0
0 10 0
0 11 0
0 12 4
0 13 2
0 14 2
0 15 2
0 16 1
0 17 4
0 18 1
0 19 1
1 2 3
1 3 4
1 4 1
1 5 1
1 6 1
1 7 4
1 8 0
1 9 3
1 10 3
1 11 4
1 12 0
1 13 4
1 14 1
1 15 4
1 16 2
1 17 0
1 18 3
1 19 0
2 3 3
2 4 2
2 5 0
2 6 4
2 7 3
2 8 0
2 9 2
2 10 0
2 11 3
2 12 3
2 13 4
2 14 4
2 15 0
2 16 3
2 17 4
2 18 2
2 19 0
3 4 0
3 5 2
3 6 0
3 7 3
3 8 0
3 9 4
3 10 4
3 11 0
3 12 1
3 13 3
3 14 2
3 15 2
3 16 2
3 17 2
3 18 1
3 19 0
4 5 3
4 6 0
4 7 3
4 8 4
4 9 2
4 10 4
4 11 2
4 12 1
4 13 4
4 14 2
4 15 2
4 16 3
4 17 1
4 18 4
4 19 3
5 6 2
5 7 1
5 8 3
5 9 1
5 10 2
5 11 3
5 12 0
5 13 3
5 14 4
5 15 4
5 16 1
5 17 2
5 18 1
5 19 4
6 7 3
6 8 1
6 9 2
6 10 3
6 11 0
6 12 1
6 13 1
6 14 0
6 15 4
6 16 2
6 17 0
6 18 1
6 19 4
7 8 3
7 9 3
7 10 4
7 11 2
7 12 0
7 13 1
7 14 0
7 15 1
7 16 4
7 17 3
7 18 2
7 19 2
8 9 3
8 10 1
8 11 4
8 12 0
8 13 3
8 14 3
8 15 3
8 16 0
8 17 1
8 18 2
8 19 1
9 10 3
9 11 4
9 12 1
9 13 2
9 14 1
9 15 1
9 16 3
9 17 1
9 18 0
9 19 1
10 11 0
10 12 2
10 13 2
10 14 2
10 15 3
10 16 4
10 17 1
10 18 2
10 19 1
11 12 4
11 13 1
11 14 3
11 15 3
11 16 2
11 17 1
11 18 2
11 19 0
12 13 2
12 14 3
12 15 3
12 16 3
12 17 1
12 18 2
12 19 4
13 14 3
13 15 4
13 16 1
13 17 2
13 18 0
13 19 2
14 15 4
14 16 1
14 17 4
14 18 1
14 19 4
15 16 2
15 17 1
15 18 1
15 19 0
16 17 2
16 18 0
16 19 1
17 18 0
17 19 4
18 19 3
