80 10
1 2 1
1 3 2
1 5 4
1 6 5
1 7 6
1 8 7
1 9 8
1 10 2
1 11 1
1 12 2
1 13 3
1 14 4
1 16 6
1 17 7
1 18 8
1 19 9
1 20 3
1 21 2
1 22 3
1 23 4
1 25 6
1 26 7
1 27 8
1 29 10
1 30 4
1 31 3
1 33 5
1 35 7
1 36 8
1 37 9
1 38 10
1 39 11
1 41 4
1 42 5
1 43 6
1 44 7
1 45 8
1 46 9
1 49 12
1 50 6
1 51 5
1 52 6
1 53 7
1 54 8
1 55 9
1 56 10
1 57 11
1 58 12
1 59 13
1 63 8
1 64 9
1 66 11
1 67 12
1 68 13
1 69 14
1 73 9
1 74 10
1 75 11
1 76 12
1 77 13
1 79 15
1 80 9
1 81 8
1 82 9
1 83 10
1 84 11
1 85 12
1 86 13
1 87 14
1 89 16
1 90 10
1 91 9
1 93 11
1 94 12
1 95 13
1 96 14
1 97 15
1 98 16
1 99 17
2 3 1
2 5 3
2 6 4
2 7 5
2 8 6
2 9 7
2 10 3
2 11 2
2 12 1
2 13 2
2 14 3
2 16 5
2 17 6
2 18 7
2 19 8
2 20 4
2 21 3
2 22 2
2 23 3
2 25 5
2 26 6
2 27 7
2 29 9
2 30 5
2 31 4
2 33 4
2 35 6
2 36 7
2 37 8
2 38 9
2 39 10
2 41 5
2 42 4
2 43 5
2 44 6
2 45 7
2 46 8
2 49 11
2 50 7
2 51 6
2 52 5
2 53 6
2 54 7
2 55 8
2 56 9
2 57 10
2 58 11
2 59 12
2 63 7
2 64 8
2 66 10
2 67 11
2 68 12
2 69 13
2 73 8
2 74 9
2 75 10
2 76 11
2 77 12
2 79 14
2 80 10
2 81 9
2 82 8
2 83 9
2 84 10
2 85 11
2 86 12
2 87 13
2 89 15
2 90 11
2 91 10
2 93 10
2 94 11
2 95 12
2 96 13
2 97 14
2 98 15
2 99 16
3 5 2
3 6 3
3 7 4
3 8 5
3 9 6
3 10 4
3 11 3
3 12 2
3 13 1
3 14 2
3 16 4
3 17 5
3 18 6
3 19 7
3 20 5
3 21 4
3 22 3
3 23 2
3 25 4
3 26 5
3 27 6
3 29 8
3 30 6
3 31 5
3 33 3
3 35 5
3 36 6
3 37 7
3 38 8
3 39 9
3 41 6
3 42 5
3 43 4
3 44 5
3 45 6
3 46 7
3 49 10
3 50 8
3 51 7
3 52 6
3 53 5
3 54 6
3 55 7
3 56 8
3 57 9
3 58 10
3 59 11
3 63 6
3 64 7
3 66 9
3 67 10
3 68 11
3 69 12
3 73 7
3 74 8
3 75 9
3 76 10
3 77 11
3 79 13
3 80 11
3 81 10
3 82 9
3 83 8
3 84 9
3 85 10
3 86 11
3 87 12
3 89 14
3 90 12
3 91 11
3 93 9
3 94 10
3 95 11
3 96 12
3 97 13
3 98 14
3 99 15
5 6 1
5 7 2
5 8 3
5 9 4
5 10 6
5 11 5
5 12 4
5 13 3
5 14 2
5 16 2
5 17 3
5 18 4
5 19 5
5 20 7
5 21 6
5 22 5
5 23 4
5 25 2
5 26 3
5 27 4
5 29 6
5 30 8
5 31 7
5 33 5
5 35 3
5 36 4
5 37 5
5 38 6
5 39 7
5 41 8
5 42 7
5 43 6
5 44 5
5 45 4
5 46 5
5 49 8
5 50 10
5 51 9
5 52 8
5 53 7
5 54 6
5 55 5
5 56 6
5 57 7
5 58 8
5 59 9
5 63 8
5 64 7
5 66 7
5 67 8
5 68 9
5 69 10
5 73 9
5 74 8
5 75 7
5 76 8
5 77 9
5 79 11
5 80 13
5 81 12
5 82 11
5 83 10
5 84 9
5 85 8
5 86 9
5 87 10
5 89 12
5 90 14
5 91 13
5 93 11
5 94 10
5 95 9
5 96 10
5 97 11
5 98 12
5 99 13
6 7 1
6 8 2
6 9 3
6 10 7
6 11 6
6 12 5
6 13 4
6 14 3
6 16 1
6 17 2
6 18 3
6 19 4
6 20 8
6 21 7
6 22 6
6 23 5
6 25 3
6 26 2
6 27 3
6 29 5
6 30 9
6 31 8
6 33 6
6 35 4
6 36 3
6 37 4
6 38 5
6 39 6
6 41 9
6 42 8
6 43 7
6 44 6
6 45 5
6 46 4
6 49 7
6 50 11
6 51 10
6 52 9
6 53 8
6 54 7
6 55 6
6 56 5
6 57 6
6 58 7
6 59 8
6 63 9
6 64 8
6 66 6
6 67 7
6 68 8
6 69 9
6 73 10
6 74 9
6 75 8
6 76 7
6 77 8
6 79 10
6 80 14
6 81 13
6 82 12
6 83 11
6 84 10
6 85 9
6 86 8
6 87 9
6 89 11
6 90 15
6 91 14
6 93 12
6 94 11
6 95 10
6 96 9
6 97 10
6 98 11
6 99 12
7 8 1
7 9 2
7 10 8
7 11 7
7 12 6
7 13 5
7 14 4
7 16 2
7 17 1
7 18 2
7 19 3
7 20 9
7 21 8
7 22 7
7 23 6
7 25 4
7 26 3
7 27 2
7 29 4
7 30 10
7 31 9
7 33 7
7 35 5
7 36 4
7 37 3
7 38 4
7 39 5
7 41 10
7 42 9
7 43 8
7 44 7
7 45 6
7 46 5
7 49 6
7 50 12
7 51 11
7 52 10
7 53 9
7 54 8
7 55 7
7 56 6
7 57 5
7 58 6
7 59 7
7 63 10
7 64 9
7 66 7
7 67 6
7 68 7
7 69 8
7 73 11
7 74 10
7 75 9
7 76 8
7 77 7
7 79 9
7 80 15
7 81 14
7 82 13
7 83 12
7 84 11
7 85 10
7 86 9
7 87 8
7 89 10
7 90 16
7 91 15
7 93 13
7 94 12
7 95 11
7 96 10
7 97 9
7 98 10
7 99 11
8 9 1
8 10 9
8 11 8
8 12 7
8 13 6
8 14 5
8 16 3
8 17 2
8 18 1
8 19 2
8 20 10
8 21 9
8 22 8
8 23 7
8 25 5
8 26 4
8 27 3
8 29 3
8 30 11
8 31 10
8 33 8
8 35 6
8 36 5
8 37 4
8 38 3
8 39 4
8 41 11
8 42 10
8 43 9
8 44 8
8 45 7
8 46 6
8 49 5
8 50 13
8 51 12
8 52 11
8 53 10
8 54 9
8 55 8
8 56 7
8 57 6
8 58 5
8 59 6
8 63 11
8 64 10
8 66 8
8 67 7
8 68 6
8 69 7
8 73 12
8 74 11
8 75 10
8 76 9
8 77 8
8 79 8
8 80 16
8 81 15
8 82 14
8 83 13
8 84 12
8 85 11
8 86 10
8 87 9
8 89 9
8 90 17
8 91 16
8 93 14
8 94 13
8 95 12
8 96 11
8 97 10
8 98 9
8 99 10
9 10 10
9 11 9
9 12 8
9 13 7
9 14 6
9 16 4
9 17 3
9 18 2
9 19 1
9 20 11
9 21 10
9 22 9
9 23 8
9 25 6
9 26 5
9 27 4
9 29 2
9 30 12
9 31 11
9 33 9
9 35 7
9 36 6
9 37 5
9 38 4
9 39 3
9 41 12
9 42 11
9 43 10
9 44 9
9 45 8
9 46 7
9 49 4
9 50 14
9 51 13
9 52 12
9 53 11
9 54 10
9 55 9
9 56 8
9 57 7
9 58 6
9 59 5
9 63 12
9 64 11
9 66 9
9 67 8
9 68 7
9 69 6
9 73 13
9 74 12
9 75 11
9 76 10
9 77 9
9 79 7
9 80 17
9 81 16
9 82 15
9 83 14
9 84 13
9 85 12
9 86 11
9 87 10
9 89 8
9 90 18
9 91 17
9 93 15
9 94 14
9 95 13
9 96 12
9 97 11
9 98 10
9 99 9
10 11 1
10 12 2
10 13 3
10 14 4
10 16 6
10 17 7
10 18 8
10 19 9
10 20 1
10 21 2
10 22 3
10 23 4
10 25 6
10 26 7
10 27 8
10 29 10
10 30 2
10 31 3
10 33 5
10 35 7
10 36 8
10 37 9
10 38 10
10 39 11
10 41 4
10 42 5
10 43 6
10 44 7
10 45 8
10 46 9
10 49 12
10 50 4
10 51 5
10 52 6
10 53 7
10 54 8
10 55 9
10 56 10
10 57 11
10 58 12
10 59 13
10 63 8
10 64 9
10 66 11
10 67 12
10 68 13
10 69 14
10 73 9
10 74 10
10 75 11
10 76 12
10 77 13
10 79 15
10 80 7
10 81 8
10 82 9
10 83 10
10 84 11
10 85 12
10 86 13
10 87 14
10 89 16
10 90 8
10 91 9
10 93 11
10 94 12
10 95 13
10 96 14
10 97 15
10 98 16
10 99 17
11 12 1
11 13 2
11 14 3
11 16 5
11 17 6
11 18 7
11 19 8
11 20 2
11 21 1
11 22 2
11 23 3
11 25 5
11 26 6
11 27 7
11 29 9
11 30 3
11 31 2
11 33 4
11 35 6
11 36 7
11 37 8
11 38 9
11 39 10
11 41 3
11 42 4
11 43 5
11 44 6
11 45 7
11 46 8
11 49 11
11 50 5
11 51 4
11 52 5
11 53 6
11 54 7
11 55 8
11 56 9
11 57 10
11 58 11
11 59 12
11 63 7
11 64 8
11 66 10
11 67 11
11 68 12
11 69 13
11 73 8
11 74 9
11 75 10
11 76 11
11 77 12
11 79 14
11 80 8
11 81 7
11 82 8
11 83 9
11 84 10
11 85 11
11 86 12
11 87 13
11 89 15
11 90 9
11 91 8
11 93 10
11 94 11
11 95 12
11 96 13
11 97 14
11 98 15
11 99 16
12 13 1
12 14 2
12 16 4
12 17 5
12 18 6
12 19 7
12 20 3
12 21 2
12 22 1
12 23 2
12 25 4
12 26 5
12 27 6
12 29 8
12 30 4
12 31 3
12 33 3
12 35 5
12 36 6
12 37 7
12 38 8
12 39 9
12 41 4
12 42 3
12 43 4
12 44 5
12 45 6
12 46 7
12 49 10
12 50 6
12 51 5
12 52 4
12 53 5
12 54 6
12 55 7
12 56 8
12 57 9
12 58 10
12 59 11
12 63 6
12 64 7
12 66 9
12 67 10
12 68 11
12 69 12
12 73 7
12 74 8
12 75 9
12 76 10
12 77 11
12 79 13
12 80 9
12 81 8
12 82 7
12 83 8
12 84 9
12 85 10
12 86 11
12 87 12
12 89 14
12 90 10
12 91 9
12 93 9
12 94 10
12 95 11
12 96 12
12 97 13
12 98 14
12 99 15
13 14 1
13 16 3
13 17 4
13 18 5
13 19 6
13 20 4
13 21 3
13 22 2
13 23 1
13 25 3
13 26 4
13 27 5
13 29 7
13 30 5
13 31 4
13 33 2
13 35 4
13 36 5
13 37 6
13 38 7
13 39 8
13 41 5
13 42 4
13 43 3
13 44 4
13 45 5
13 46 6
13 49 9
13 50 7
13 51 6
13 52 5
13 53 4
13 54 5
13 55 6
13 56 7
13 57 8
13 58 9
13 59 10
13 63 5
13 64 6
13 66 8
13 67 9
13 68 10
13 69 11
13 73 6
13 74 7
13 75 8
13 76 9
13 77 10
13 79 12
13 80 10
13 81 9
13 82 8
13 83 7
13 84 8
13 85 9
13 86 10
13 87 11
13 89 13
13 90 11
13 91 10
13 93 8
13 94 9
13 95 10
13 96 11
13 97 12
13 98 13
13 99 14
14 16 2
14 17 3
14 18 4
14 19 5
14 20 5
14 21 4
14 22 3
14 23 2
14 25 2
14 26 3
14 27 4
14 29 6
14 30 6
14 31 5
14 33 3
14 35 3
14 36 4
14 37 5
14 38 6
14 39 7
14 41 6
14 42 5
14 43 4
14 44 3
14 45 4
14 46 5
14 49 8
14 50 8
14 51 7
14 52 6
14 53 5
14 54 4
14 55 5
14 56 6
14 57 7
14 58 8
14 59 9
14 63 6
14 64 5
14 66 7
14 67 8
14 68 9
14 69 10
14 73 7
14 74 6
14 75 7
14 76 8
14 77 9
14 79 11
14 80 11
14 81 10
14 82 9
14 83 8
14 84 7
14 85 8
14 86 9
14 87 10
14 89 12
14 90 12
14 91 11
14 93 9
14 94 8
14 95 9
14 96 10
14 97 11
14 98 12
14 99 13
16 17 1
16 18 2
16 19 3
16 20 7
16 21 6
16 22 5
16 23 4
16 25 2
16 26 1
16 27 2
16 29 4
16 30 8
16 31 7
16 33 5
16 35 3
16 36 2
16 37 3
16 38 4
16 39 5
16 41 8
16 42 7
16 43 6
16 44 5
16 45 4
16 46 3
16 49 6
16 50 10
16 51 9
16 52 8
16 53 7
16 54 6
16 55 5
16 56 4
16 57 5
16 58 6
16 59 7
16 63 8
16 64 7
16 66 5
16 67 6
16 68 7
16 69 8
16 73 9
16 74 8
16 75 7
16 76 6
16 77 7
16 79 9
16 80 13
16 81 12
16 82 11
16 83 10
16 84 9
16 85 8
16 86 7
16 87 8
16 89 10
16 90 14
16 91 13
16 93 11
16 94 10
16 95 9
16 96 8
16 97 9
16 98 10
16 99 11
17 18 1
17 19 2
17 20 8
17 21 7
17 22 6
17 23 5
17 25 3
17 26 2
17 27 1
17 29 3
17 30 9
17 31 8
17 33 6
17 35 4
17 36 3
17 37 2
17 38 3
17 39 4
17 41 9
17 42 8
17 43 7
17 44 6
17 45 5
17 46 4
17 49 5
17 50 11
17 51 10
17 52 9
17 53 8
17 54 7
17 55 6
17 56 5
17 57 4
17 58 5
17 59 6
17 63 9
17 64 8
17 66 6
17 67 5
17 68 6
17 69 7
17 73 10
17 74 9
17 75 8
17 76 7
17 77 6
17 79 8
17 80 14
17 81 13
17 82 12
17 83 11
17 84 10
17 85 9
17 86 8
17 87 7
17 89 9
17 90 15
17 91 14
17 93 12
17 94 11
17 95 10
17 96 9
17 97 8
17 98 9
17 99 10
18 19 1
18 20 9
18 21 8
18 22 7
18 23 6
18 25 4
18 26 3
18 27 2
18 29 2
18 30 10
18 31 9
18 33 7
18 35 5
18 36 4
18 37 3
18 38 2
18 39 3
18 41 10
18 42 9
18 43 8
18 44 7
18 45 6
18 46 5
18 49 4
18 50 12
18 51 11
18 52 10
18 53 9
18 54 8
18 55 7
18 56 6
18 57 5
18 58 4
18 59 5
18 63 10
18 64 9
18 66 7
18 67 6
18 68 5
18 69 6
18 73 11
18 74 10
18 75 9
18 76 8
18 77 7
18 79 7
18 80 15
18 81 14
18 82 13
18 83 12
18 84 11
18 85 10
18 86 9
18 87 8
18 89 8
18 90 16
18 91 15
18 93 13
18 94 12
18 95 11
18 96 10
18 97 9
18 98 8
18 99 9
19 20 10
19 21 9
19 22 8
19 23 7
19 25 5
19 26 4
19 27 3
19 29 1
19 30 11
19 31 10
19 33 8
19 35 6
19 36 5
19 37 4
19 38 3
19 39 2
19 41 11
19 42 10
19 43 9
19 44 8
19 45 7
19 46 6
19 49 3
19 50 13
19 51 12
19 52 11
19 53 10
19 54 9
19 55 8
19 56 7
19 57 6
19 58 5
19 59 4
19 63 11
19 64 10
19 66 8
19 67 7
19 68 6
19 69 5
19 73 12
19 74 11
19 75 10
19 76 9
19 77 8
19 79 6
19 80 16
19 81 15
19 82 14
19 83 13
19 84 12
19 85 11
19 86 10
19 87 9
19 89 7
19 90 17
19 91 16
19 93 14
19 94 13
19 95 12
19 96 11
19 97 10
19 98 9
19 99 8
20 21 1
20 22 2
20 23 3
20 25 5
20 26 6
20 27 7
20 29 9
20 30 1
20 31 2
20 33 4
20 35 6
20 36 7
20 37 8
20 38 9
20 39 10
20 41 3
20 42 4
20 43 5
20 44 6
20 45 7
20 46 8
20 49 11
20 50 3
20 51 4
20 52 5
20 53 6
20 54 7
20 55 8
20 56 9
20 57 10
20 58 11
20 59 12
20 63 7
20 64 8
20 66 10
20 67 11
20 68 12
20 69 13
20 73 8
20 74 9
20 75 10
20 76 11
20 77 12
20 79 14
20 80 6
20 81 7
20 82 8
20 83 9
20 84 10
20 85 11
20 86 12
20 87 13
20 89 15
20 90 7
20 91 8
20 93 10
20 94 11
20 95 12
20 96 13
20 97 14
20 98 15
20 99 16
21 22 1
21 23 2
21 25 4
21 26 5
21 27 6
21 29 8
21 30 2
21 31 1
21 33 3
21 35 5
21 36 6
21 37 7
21 38 8
21 39 9
21 41 2
21 42 3
21 43 4
21 44 5
21 45 6
21 46 7
21 49 10
21 50 4
21 51 3
21 52 4
21 53 5
21 54 6
21 55 7
21 56 8
21 57 9
21 58 10
21 59 11
21 63 6
21 64 7
21 66 9
21 67 10
21 68 11
21 69 12
21 73 7
21 74 8
21 75 9
21 76 10
21 77 11
21 79 13
21 80 7
21 81 6
21 82 7
21 83 8
21 84 9
21 85 10
21 86 11
21 87 12
21 89 14
21 90 8
21 91 7
21 93 9
21 94 10
21 95 11
21 96 12
21 97 13
21 98 14
21 99 15
22 23 1
22 25 3
22 26 4
22 27 5
22 29 7
22 30 3
22 31 2
22 33 2
22 35 4
22 36 5
22 37 6
22 38 7
22 39 8
22 41 3
22 42 2
22 43 3
22 44 4
22 45 5
22 46 6
22 49 9
22 50 5
22 51 4
22 52 3
22 53 4
22 54 5
22 55 6
22 56 7
22 57 8
22 58 9
22 59 10
22 63 5
22 64 6
22 66 8
22 67 9
22 68 10
22 69 11
22 73 6
22 74 7
22 75 8
22 76 9
22 77 10
22 79 12
22 80 8
22 81 7
22 82 6
22 83 7
22 84 8
22 85 9
22 86 10
22 87 11
22 89 13
22 90 9
22 91 8
22 93 8
22 94 9
22 95 10
22 96 11
22 97 12
22 98 13
22 99 14
23 25 2
23 26 3
23 27 4
23 29 6
23 30 4
23 31 3
23 33 1
23 35 3
23 36 4
23 37 5
23 38 6
23 39 7
23 41 4
23 42 3
23 43 2
23 44 3
23 45 4
23 46 5
23 49 8
23 50 6
23 51 5
23 52 4
23 53 3
23 54 4
23 55 5
23 56 6
23 57 7
23 58 8
23 59 9
23 63 4
23 64 5
23 66 7
23 67 8
23 68 9
23 69 10
23 73 5
23 74 6
23 75 7
23 76 8
23 77 9
23 79 11
23 80 9
23 81 8
23 82 7
23 83 6
23 84 7
23 85 8
23 86 9
23 87 10
23 89 12
23 90 10
23 91 9
23 93 7
23 94 8
23 95 9
23 96 10
23 97 11
23 98 12
23 99 13
25 26 1
25 27 2
25 29 4
25 30 6
25 31 5
25 33 3
25 35 1
25 36 2
25 37 3
25 38 4
25 39 5
25 41 6
25 42 5
25 43 4
25 44 3
25 45 2
25 46 3
25 49 6
25 50 8
25 51 7
25 52 6
25 53 5
25 54 4
25 55 3
25 56 4
25 57 5
25 58 6
25 59 7
25 63 6
25 64 5
25 66 5
25 67 6
25 68 7
25 69 8
25 73 7
25 74 6
25 75 5
25 76 6
25 77 7
25 79 9
25 80 11
25 81 10
25 82 9
25 83 8
25 84 7
25 85 6
25 86 7
25 87 8
25 89 10
25 90 12
25 91 11
25 93 9
25 94 8
25 95 7
25 96 8
25 97 9
25 98 10
25 99 11
26 27 1
26 29 3
26 30 7
26 31 6
26 33 4
26 35 2
26 36 1
26 37 2
26 38 3
26 39 4
26 41 7
26 42 6
26 43 5
26 44 4
26 45 3
26 46 2
26 49 5
26 50 9
26 51 8
26 52 7
26 53 6
26 54 5
26 55 4
26 56 3
26 57 4
26 58 5
26 59 6
26 63 7
26 64 6
26 66 4
26 67 5
26 68 6
26 69 7
26 73 8
26 74 7
26 75 6
26 76 5
26 77 6
26 79 8
26 80 12
26 81 11
26 82 10
26 83 9
26 84 8
26 85 7
26 86 6
26 87 7
26 89 9
26 90 13
26 91 12
26 93 10
26 94 9
26 95 8
26 96 7
26 97 8
26 98 9
26 99 10
27 29 2
27 30 8
27 31 7
27 33 5
27 35 3
27 36 2
27 37 1
27 38 2
27 39 3
27 41 8
27 42 7
27 43 6
27 44 5
27 45 4
27 46 3
27 49 4
27 50 10
27 51 9
27 52 8
27 53 7
27 54 6
27 55 5
27 56 4
27 57 3
27 58 4
27 59 5
27 63 8
27 64 7
27 66 5
27 67 4
27 68 5
27 69 6
27 73 9
27 74 8
27 75 7
27 76 6
27 77 5
27 79 7
27 80 13
27 81 12
27 82 11
27 83 10
27 84 9
27 85 8
27 86 7
27 87 6
27 89 8
27 90 14
27 91 13
27 93 11
27 94 10
27 95 9
27 96 8
27 97 7
27 98 8
27 99 9
29 30 10
29 31 9
29 33 7
29 35 5
29 36 4
29 37 3
29 38 2
29 39 1
29 41 10
29 42 9
29 43 8
29 44 7
29 45 6
29 46 5
29 49 2
29 50 12
29 51 11
29 52 10
29 53 9
29 54 8
29 55 7
29 56 6
29 57 5
29 58 4
29 59 3
29 63 10
29 64 9
29 66 7
29 67 6
29 68 5
29 69 4
29 73 11
29 74 10
29 75 9
29 76 8
29 77 7
29 79 5
29 80 15
29 81 14
29 82 13
29 83 12
29 84 11
29 85 10
29 86 9
29 87 8
29 89 6
29 90 16
29 91 15
29 93 13
29 94 12
29 95 11
29 96 10
29 97 9
29 98 8
29 99 7
30 31 1
30 33 3
30 35 5
30 36 6
30 37 7
30 38 8
30 39 9
30 41 2
30 42 3
30 43 4
30 44 5
30 45 6
30 46 7
30 49 10
30 50 2
30 51 3
30 52 4
30 53 5
30 54 6
30 55 7
30 56 8
30 57 9
30 58 10
30 59 11
30 63 6
30 64 7
30 66 9
30 67 10
30 68 11
30 69 12
30 73 7
30 74 8
30 75 9
30 76 10
30 77 11
30 79 13
30 80 5
30 81 6
30 82 7
30 83 8
30 84 9
30 85 10
30 86 11
30 87 12
30 89 14
30 90 6
30 91 7
30 93 9
30 94 10
30 95 11
30 96 12
30 97 13
30 98 14
30 99 15
31 33 2
31 35 4
31 36 5
31 37 6
31 38 7
31 39 8
31 41 1
31 42 2
31 43 3
31 44 4
31 45 5
31 46 6
31 49 9
31 50 3
31 51 2
31 52 3
31 53 4
31 54 5
31 55 6
31 56 7
31 57 8
31 58 9
31 59 10
31 63 5
31 64 6
31 66 8
31 67 9
31 68 10
31 69 11
31 73 6
31 74 7
31 75 8
31 76 9
31 77 10
31 79 12
31 80 6
31 81 5
31 82 6
31 83 7
31 84 8
31 85 9
31 86 10
31 87 11
31 89 13
31 90 7
31 91 6
31 93 8
31 94 9
31 95 10
31 96 11
31 97 12
31 98 13
31 99 14
33 35 2
33 36 3
33 37 4
33 38 5
33 39 6
33 41 3
33 42 2
33 43 1
33 44 2
33 45 3
33 46 4
33 49 7
33 50 5
33 51 4
33 52 3
33 53 2
33 54 3
33 55 4
33 56 5
33 57 6
33 58 7
33 59 8
33 63 3
33 64 4
33 66 6
33 67 7
33 68 8
33 69 9
33 73 4
33 74 5
33 75 6
33 76 7
33 77 8
33 79 10
33 80 8
33 81 7
33 82 6
33 83 5
33 84 6
33 85 7
33 86 8
33 87 9
33 89 11
33 90 9
33 91 8
33 93 6
33 94 7
33 95 8
33 96 9
33 97 10
33 98 11
33 99 12
35 36 1
35 37 2
35 38 3
35 39 4
35 41 5
35 42 4
35 43 3
35 44 2
35 45 1
35 46 2
35 49 5
35 50 7
35 51 6
35 52 5
35 53 4
35 54 3
35 55 2
35 56 3
35 57 4
35 58 5
35 59 6
35 63 5
35 64 4
35 66 4
35 67 5
35 68 6
35 69 7
35 73 6
35 74 5
35 75 4
35 76 5
35 77 6
35 79 8
35 80 10
35 81 9
35 82 8
35 83 7
35 84 6
35 85 5
35 86 6
35 87 7
35 89 9
35 90 11
35 91 10
35 93 8
35 94 7
35 95 6
35 96 7
35 97 8
35 98 9
35 99 10
36 37 1
36 38 2
36 39 3
36 41 6
36 42 5
36 43 4
36 44 3
36 45 2
36 46 1
36 49 4
36 50 8
36 51 7
36 52 6
36 53 5
36 54 4
36 55 3
36 56 2
36 57 3
36 58 4
36 59 5
36 63 6
36 64 5
36 66 3
36 67 4
36 68 5
36 69 6
36 73 7
36 74 6
36 75 5
36 76 4
36 77 5
36 79 7
36 80 11
36 81 10
36 82 9
36 83 8
36 84 7
36 85 6
36 86 5
36 87 6
36 89 8
36 90 12
36 91 11
36 93 9
36 94 8
36 95 7
36 96 6
36 97 7
36 98 8
36 99 9
37 38 1
37 39 2
37 41 7
37 42 6
37 43 5
37 44 4
37 45 3
37 46 2
37 49 3
37 50 9
37 51 8
37 52 7
37 53 6
37 54 5
37 55 4
37 56 3
37 57 2
37 58 3
37 59 4
37 63 7
37 64 6
37 66 4
37 67 3
37 68 4
37 69 5
37 73 8
37 74 7
37 75 6
37 76 5
37 77 4
37 79 6
37 80 12
37 81 11
37 82 10
37 83 9
37 84 8
37 85 7
37 86 6
37 87 5
37 89 7
37 90 13
37 91 12
37 93 10
37 94 9
37 95 8
37 96 7
37 97 6
37 98 7
37 99 8
38 39 1
38 41 8
38 42 7
38 43 6
38 44 5
38 45 4
38 46 3
38 49 2
38 50 10
38 51 9
38 52 8
38 53 7
38 54 6
38 55 5
38 56 4
38 57 3
38 58 2
38 59 3
38 63 8
38 64 7
38 66 5
38 67 4
38 68 3
38 69 4
38 73 9
38 74 8
38 75 7
38 76 6
38 77 5
38 79 5
38 80 13
38 81 12
38 82 11
38 83 10
38 84 9
38 85 8
38 86 7
38 87 6
38 89 6
38 90 14
38 91 13
38 93 11
38 94 10
38 95 9
38 96 8
38 97 7
38 98 6
38 99 7
39 41 9
39 42 8
39 43 7
39 44 6
39 45 5
39 46 4
39 49 1
39 50 11
39 51 10
39 52 9
39 53 8
39 54 7
39 55 6
39 56 5
39 57 4
39 58 3
39 59 2
39 63 9
39 64 8
39 66 6
39 67 5
39 68 4
39 69 3
39 73 10
39 74 9
39 75 8
39 76 7
39 77 6
39 79 4
39 80 14
39 81 13
39 82 12
39 83 11
39 84 10
39 85 9
39 86 8
39 87 7
39 89 5
39 90 15
39 91 14
39 93 12
39 94 11
39 95 10
39 96 9
39 97 8
39 98 7
39 99 6
41 42 1
41 43 2
41 44 3
41 45 4
41 46 5
41 49 8
41 50 2
41 51 1
41 52 2
41 53 3
41 54 4
41 55 5
41 56 6
41 57 7
41 58 8
41 59 9
41 63 4
41 64 5
41 66 7
41 67 8
41 68 9
41 69 10
41 73 5
41 74 6
41 75 7
41 76 8
41 77 9
41 79 11
41 80 5
41 81 4
41 82 5
41 83 6
41 84 7
41 85 8
41 86 9
41 87 10
41 89 12
41 90 6
41 91 5
41 93 7
41 94 8
41 95 9
41 96 10
41 97 11
41 98 12
41 99 13
42 43 1
42 44 2
42 45 3
42 46 4
42 49 7
42 50 3
42 51 2
42 52 1
42 53 2
42 54 3
42 55 4
42 56 5
42 57 6
42 58 7
42 59 8
42 63 3
42 64 4
42 66 6
42 67 7
42 68 8
42 69 9
42 73 4
42 74 5
42 75 6
42 76 7
42 77 8
42 79 10
42 80 6
42 81 5
42 82 4
42 83 5
42 84 6
42 85 7
42 86 8
42 87 9
42 89 11
42 90 7
42 91 6
42 93 6
42 94 7
42 95 8
42 96 9
42 97 10
42 98 11
42 99 12
43 44 1
43 45 2
43 46 3
43 49 6
43 50 4
43 51 3
43 52 2
43 53 1
43 54 2
43 55 3
43 56 4
43 57 5
43 58 6
43 59 7
43 63 2
43 64 3
43 66 5
43 67 6
43 68 7
43 69 8
43 73 3
43 74 4
43 75 5
43 76 6
43 77 7
43 79 9
43 80 7
43 81 6
43 82 5
43 83 4
43 84 5
43 85 6
43 86 7
43 87 8
43 89 10
43 90 8
43 91 7
43 93 5
43 94 6
43 95 7
43 96 8
43 97 9
43 98 10
43 99 11
44 45 1
44 46 2
44 49 5
44 50 5
44 51 4
44 52 3
44 53 2
44 54 1
44 55 2
44 56 3
44 57 4
44 58 5
44 59 6
44 63 3
44 64 2
44 66 4
44 67 5
44 68 6
44 69 7
44 73 4
44 74 3
44 75 4
44 76 5
44 77 6
44 79 8
44 80 8
44 81 7
44 82 6
44 83 5
44 84 4
44 85 5
44 86 6
44 87 7
44 89 9
44 90 9
44 91 8
44 93 6
44 94 5
44 95 6
44 96 7
44 97 8
44 98 9
44 99 10
45 46 1
45 49 4
45 50 6
45 51 5
45 52 4
45 53 3
45 54 2
45 55 1
45 56 2
45 57 3
45 58 4
45 59 5
45 63 4
45 64 3
45 66 3
45 67 4
45 68 5
45 69 6
45 73 5
45 74 4
45 75 3
45 76 4
45 77 5
45 79 7
45 80 9
45 81 8
45 82 7
45 83 6
45 84 5
45 85 4
45 86 5
45 87 6
45 89 8
45 90 10
45 91 9
45 93 7
45 94 6
45 95 5
45 96 6
45 97 7
45 98 8
45 99 9
46 49 3
46 50 7
46 51 6
46 52 5
46 53 4
46 54 3
46 55 2
46 56 1
46 57 2
46 58 3
46 59 4
46 63 5
46 64 4
46 66 2
46 67 3
46 68 4
46 69 5
46 73 6
46 74 5
46 75 4
46 76 3
46 77 4
46 79 6
46 80 10
46 81 9
46 82 8
46 83 7
46 84 6
46 85 5
46 86 4
46 87 5
46 89 7
46 90 11
46 91 10
46 93 8
46 94 7
46 95 6
46 96 5
46 97 6
46 98 7
46 99 8
49 50 10
49 51 9
49 52 8
49 53 7
49 54 6
49 55 5
49 56 4
49 57 3
49 58 2
49 59 1
49 63 8
49 64 7
49 66 5
49 67 4
49 68 3
49 69 2
49 73 9
49 74 8
49 75 7
49 76 6
49 77 5
49 79 3
49 80 13
49 81 12
49 82 11
49 83 10
49 84 9
49 85 8
49 86 7
49 87 6
49 89 4
49 90 14
49 91 13
49 93 11
49 94 10
49 95 9
49 96 8
49 97 7
49 98 6
49 99 5
50 51 1
50 52 2
50 53 3
50 54 4
50 55 5
50 56 6
50 57 7
50 58 8
50 59 9
50 63 4
50 64 5
50 66 7
50 67 8
50 68 9
50 69 10
50 73 5
50 74 6
50 75 7
50 76 8
50 77 9
50 79 11
50 80 3
50 81 4
50 82 5
50 83 6
50 84 7
50 85 8
50 86 9
50 87 10
50 89 12
50 90 4
50 91 5
50 93 7
50 94 8
50 95 9
50 96 10
50 97 11
50 98 12
50 99 13
51 52 1
51 53 2
51 54 3
51 55 4
51 56 5
51 57 6
51 58 7
51 59 8
51 63 3
51 64 4
51 66 6
51 67 7
51 68 8
51 69 9
51 73 4
51 74 5
51 75 6
51 76 7
51 77 8
51 79 10
51 80 4
51 81 3
51 82 4
51 83 5
51 84 6
51 85 7
51 86 8
51 87 9
51 89 11
51 90 5
51 91 4
51 93 6
51 94 7
51 95 8
51 96 9
51 97 10
51 98 11
51 99 12
52 53 1
52 54 2
52 55 3
52 56 4
52 57 5
52 58 6
52 59 7
52 63 2
52 64 3
52 66 5
52 67 6
52 68 7
52 69 8
52 73 3
52 74 4
52 75 5
52 76 6
52 77 7
52 79 9
52 80 5
52 81 4
52 82 3
52 83 4
52 84 5
52 85 6
52 86 7
52 87 8
52 89 10
52 90 6
52 91 5
52 93 5
52 94 6
52 95 7
52 96 8
52 97 9
52 98 10
52 99 11
53 54 1
53 55 2
53 56 3
53 57 4
53 58 5
53 59 6
53 63 1
53 64 2
53 66 4
53 67 5
53 68 6
53 69 7
53 73 2
53 74 3
53 75 4
53 76 5
53 77 6
53 79 8
53 80 6
53 81 5
53 82 4
53 83 3
53 84 4
53 85 5
53 86 6
53 87 7
53 89 9
53 90 7
53 91 6
53 93 4
53 94 5
53 95 6
53 96 7
53 97 8
53 98 9
53 99 10
54 55 1
54 56 2
54 57 3
54 58 4
54 59 5
54 63 2
54 64 1
54 66 3
54 67 4
54 68 5
54 69 6
54 73 3
54 74 2
54 75 3
54 76 4
54 77 5
54 79 7
54 80 7
54 81 6
54 82 5
54 83 4
54 84 3
54 85 4
54 86 5
54 87 6
54 89 8
54 90 8
54 91 7
54 93 5
54 94 4
54 95 5
54 96 6
54 97 7
54 98 8
54 99 9
55 56 1
55 57 2
55 58 3
55 59 4
55 63 3
55 64 2
55 66 2
55 67 3
55 68 4
55 69 5
55 73 4
55 74 3
55 75 2
55 76 3
55 77 4
55 79 6
55 80 8
55 81 7
55 82 6
55 83 5
55 84 4
55 85 3
55 86 4
55 87 5
55 89 7
55 90 9
55 91 8
55 93 6
55 94 5
55 95 4
55 96 5
55 97 6
55 98 7
55 99 8
56 57 1
56 58 2
56 59 3
56 63 4
56 64 3
56 66 1
56 67 2
56 68 3
56 69 4
56 73 5
56 74 4
56 75 3
56 76 2
56 77 3
56 79 5
56 80 9
56 81 8
56 82 7
56 83 6
56 84 5
56 85 4
56 86 3
56 87 4
56 89 6
56 90 10
56 91 9
56 93 7
56 94 6
56 95 5
56 96 4
56 97 5
56 98 6
56 99 7
57 58 1
57 59 2
57 63 5
57 64 4
57 66 2
57 67 1
57 68 2
57 69 3
57 73 6
57 74 5
57 75 4
57 76 3
57 77 2
57 79 4
57 80 10
57 81 9
57 82 8
57 83 7
57 84 6
57 85 5
57 86 4
57 87 3
57 89 5
57 90 11
57 91 10
57 93 8
57 94 7
57 95 6
57 96 5
57 97 4
57 98 5
57 99 6
58 59 1
58 63 6
58 64 5
58 66 3
58 67 2
58 68 1
58 69 2
58 73 7
58 74 6
58 75 5
58 76 4
58 77 3
58 79 3
58 80 11
58 81 10
58 82 9
58 83 8
58 84 7
58 85 6
58 86 5
58 87 4
58 89 4
58 90 12
58 91 11
58 93 9
58 94 8
58 95 7
58 96 6
58 97 5
58 98 4
58 99 5
59 63 7
59 64 6
59 66 4
59 67 3
59 68 2
59 69 1
59 73 8
59 74 7
59 75 6
59 76 5
59 77 4
59 79 2
59 80 12
59 81 11
59 82 10
59 83 9
59 84 8
59 85 7
59 86 6
59 87 5
59 89 3
59 90 13
59 91 12
59 93 10
59 94 9
59 95 8
59 96 7
59 97 6
59 98 5
59 99 4
63 64 1
63 66 3
63 67 4
63 68 5
63 69 6
63 73 1
63 74 2
63 75 3
63 76 4
63 77 5
63 79 7
63 80 5
63 81 4
63 82 3
63 83 2
63 84 3
63 85 4
63 86 5
63 87 6
63 89 8
63 90 6
63 91 5
63 93 3
63 94 4
63 95 5
63 96 6
63 97 7
63 98 8
63 99 9
64 66 2
64 67 3
64 68 4
64 69 5
64 73 2
64 74 1
64 75 2
64 76 3
64 77 4
64 79 6
64 80 6
64 81 5
64 82 4
64 83 3
64 84 2
64 85 3
64 86 4
64 87 5
64 89 7
64 90 7
64 91 6
64 93 4
64 94 3
64 95 4
64 96 5
64 97 6
64 98 7
64 99 8
66 67 1
66 68 2
66 69 3
66 73 4
66 74 3
66 75 2
66 76 1
66 77 2
66 79 4
66 80 8
66 81 7
66 82 6
66 83 5
66 84 4
66 85 3
66 86 2
66 87 3
66 89 5
66 90 9
66 91 8
66 93 6
66 94 5
66 95 4
66 96 3
66 97 4
66 98 5
66 99 6
67 68 1
67 69 2
67 73 5
67 74 4
67 75 3
67 76 2
67 77 1
67 79 3
67 80 9
67 81 8
67 82 7
67 83 6
67 84 5
67 85 4
67 86 3
67 87 2
67 89 4
67 90 10
67 91 9
67 93 7
67 94 6
67 95 5
67 96 4
67 97 3
67 98 4
67 99 5
68 69 1
68 73 6
68 74 5
68 75 4
68 76 3
68 77 2
68 79 2
68 80 10
68 81 9
68 82 8
68 83 7
68 84 6
68 85 5
68 86 4
68 87 3
68 89 3
68 90 11
68 91 10
68 93 8
68 94 7
68 95 6
68 96 5
68 97 4
68 98 3
68 99 4
69 73 7
69 74 6
69 75 5
69 76 4
69 77 3
69 79 1
69 80 11
69 81 10
69 82 9
69 83 8
69 84 7
69 85 6
69 86 5
69 87 4
69 89 2
69 90 12
69 91 11
69 93 9
69 94 8
69 95 7
69 96 6
69 97 5
69 98 4
69 99 3
73 74 1
73 75 2
73 76 3
73 77 4
73 79 6
73 80 4
73 81 3
73 82 2
73 83 1
73 84 2
73 85 3
73 86 4
73 87 5
73 89 7
73 90 5
73 91 4
73 93 2
73 94 3
73 95 4
73 96 5
73 97 6
73 98 7
73 99 8
74 75 1
74 76 2
74 77 3
74 79 5
74 80 5
74 81 4
74 82 3
74 83 2
74 84 1
74 85 2
74 86 3
74 87 4
74 89 6
74 90 6
74 91 5
74 93 3
74 94 2
74 95 3
74 96 4
74 97 5
74 98 6
74 99 7
75 76 1
75 77 2
75 79 4
75 80 6
75 81 5
75 82 4
75 83 3
75 84 2
75 85 1
75 86 2
75 87 3
75 89 5
75 90 7
75 91 6
75 93 4
75 94 3
75 95 2
75 96 3
75 97 4
75 98 5
75 99 6
76 77 1
76 79 3
76 80 7
76 81 6
76 82 5
76 83 4
76 84 3
76 85 2
76 86 1
76 87 2
76 89 4
76 90 8
76 91 7
76 93 5
76 94 4
76 95 3
76 96 2
76 97 3
76 98 4
76 99 5
77 79 2
77 80 8
77 81 7
77 82 6
77 83 5
77 84 4
77 85 3
77 86 2
77 87 1
77 89 3
77 90 9
77 91 8
77 93 6
77 94 5
77 95 4
77 96 3
77 97 2
77 98 3
77 99 4
79 80 10
79 81 9
79 82 8
79 83 7
79 84 6
79 85 5
79 86 4
79 87 3
79 89 1
79 90 11
79 91 10
79 93 8
79 94 7
79 95 6
79 96 5
79 97 4
79 98 3
79 99 2
80 81 1
80 82 2
80 83 3
80 84 4
80 85 5
80 86 6
80 87 7
80 89 9
80 90 1
80 91 2
80 93 4
80 94 5
80 95 6
80 96 7
80 97 8
80 98 9
80 99 10
81 82 1
81 83 2
81 84 3
81 85 4
81 86 5
81 87 6
81 89 8
81 90 2
81 91 1
81 93 3
81 94 4
81 95 5
81 96 6
81 97 7
81 98 8
81 99 9
82 83 1
82 84 2
82 85 3
82 86 4
82 87 5
82 89 7
82 90 3
82 91 2
82 93 2
82 94 3
82 95 4
82 96 5
82 97 6
82 98 7
82 99 8
83 84 1
83 85 2
83 86 3
83 87 4
83 89 6
83 90 4
83 91 3
83 93 1
83 94 2
83 95 3
83 96 4
83 97 5
83 98 6
83 99 7
84 85 1
84 86 2
84 87 3
84 89 5
84 90 5
84 91 4
84 93 2
84 94 1
84 95 2
84 96 3
84 97 4
84 98 5
84 99 6
85 86 1
85 87 2
85 89 4
85 90 6
85 91 5
85 93 3
85 94 2
85 95 1
85 96 2
85 97 3
85 98 4
85 99 5
86 87 1
86 89 3
86 90 7
86 91 6
86 93 4
86 94 3
86 95 2
86 96 1
86 97 2
86 98 3
86 99 4
87 89 2
87 90 8
87 91 7
87 93 5
87 94 4
87 95 3
87 96 2
87 97 1
87 98 2
87 99 3
89 90 10
89 91 9
89 93 7
89 94 6
89 95 5
89 96 4
89 97 3
89 98 2
89 99 1
90 91 1
90 93 3
90 94 4
90 95 5
90 96 6
90 97 7
90 98 8
90 99 9
91 93 2
91 94 3
91 95 4
91 96 5
91 97 6
91 98 7
91 99 8
93 94 1
93 95 2
93 96 3
93 97 4
93 98 5
93 99 6
94 95 1
94 96 2
94 97 3
94 98 4
94 99 5
95 96 1
95 97 2
95 98 3
95 99 4
96 97 1
96 98 2
96 99 3
97 98 1
97 99 2
98 99 1
0 1 3
0 2 2
0 3 0
0 4 4
0 5 1
0 6 0
0 7 1
0 8 1
0 9 4
1 2 0
1 3 2
1 4 2
1 5 4
1 6 4
1 7 2
1 8 3
1 9 3
2 3 2
2 4 4
2 5 3
2 6 0
2 7 3
2 8 2
2 9 4
3 4 0
3 5 1
3 6 1
3 7 4
3 8 1
3 9 0
4 5 3
4 6 0
4 7 3
4 8 3
4 9 4
5 6 4
5 7 4
5 8 0
5 9 0
6 7 4
6 8 0
6 9 3
7 8 2
7 9 0
8 9 3
