80 10
0 2 2
0 3 3
0 4 4
0 5 5
0 7 7
0 8 8
0 9 9
0 10 1
0 11 2
0 12 3
0 15 6
0 18 9
0 19 10
0 20 2
0 22 4
0 23 5
0 24 6
0 25 7
0 26 8
0 27 9
0 30 3
0 31 4
0 32 5
0 33 6
0 34 7
0 35 8
0 36 9
0 37 10
0 39 12
0 40 4
0 41 5
0 43 7
0 44 8
0 45 9
0 46 10
0 47 11
0 48 12
0 50 5
0 51 6
0 52 7
0 53 8
0 55 10
0 56 11
0 57 12
0 58 13
0 59 14
0 60 6
0 62 8
0 63 9
0 64 10
0 65 11
0 66 12
0 67 13
0 68 14
0 69 15
0 70 7
0 71 8
0 72 9
0 73 10
0 74 11
0 75 12
0 76 13
0 77 14
0 78 15
0 79 16
0 81 9
0 83 11
0 84 12
0 85 13
0 86 14
0 87 15
0 88 16
0 89 17
0 92 11
0 94 13
0 95 14
0 96 15
0 97 16
0 98 17
2 3 1
2 4 2
2 5 3
2 7 5
2 8 6
2 9 7
2 10 3
2 11 2
2 12 1
2 15 4
2 18 7
2 19 8
2 20 4
2 22 2
2 23 3
2 24 4
2 25 5
2 26 6
2 27 7
2 30 5
2 31 4
2 32 3
2 33 4
2 34 5
2 35 6
2 36 7
2 37 8
2 39 10
2 40 6
2 41 5
2 43 5
2 44 6
2 45 7
2 46 8
2 47 9
2 48 10
2 50 7
2 51 6
2 52 5
2 53 6
2 55 8
2 56 9
2 57 10
2 58 11
2 59 12
2 60 8
2 62 6
2 63 7
2 64 8
2 65 9
2 66 10
2 67 11
2 68 12
2 69 13
2 70 9
2 71 8
2 72 7
2 73 8
2 74 9
2 75 10
2 76 11
2 77 12
2 78 13
2 79 14
2 81 9
2 83 9
2 84 10
2 85 11
2 86 12
2 87 13
2 88 14
2 89 15
2 92 9
2 94 11
2 95 12
2 96 13
2 97 14
2 98 15
3 4 1
3 5 2
3 7 4
3 8 5
3 9 6
3 10 4
3 11 3
3 12 2
3 15 3
3 18 6
3 19 7
3 20 5
3 22 3
3 23 2
3 24 3
3 25 4
3 26 5
3 27 6
3 30 6
3 31 5
3 32 4
3 33 3
3 34 4
3 35 5
3 36 6
3 37 7
3 39 9
3 40 7
3 41 6
3 43 4
3 44 5
3 45 6
3 46 7
3 47 8
3 48 9
3 50 8
3 51 7
3 52 6
3 53 5
3 55 7
3 56 8
3 57 9
3 58 10
3 59 11
3 60 9
3 62 7
3 63 6
3 64 7
3 65 8
3 66 9
3 67 10
3 68 11
3 69 12
3 70 10
3 71 9
3 72 8
3 73 7
3 74 8
3 75 9
3 76 10
3 77 11
3 78 12
3 79 13
3 81 10
3 83 8
3 84 9
3 85 10
3 86 11
3 87 12
3 88 13
3 89 14
3 92 10
3 94 10
3 95 11
3 96 12
3 97 13
3 98 14
4 5 1
4 7 3
4 8 4
4 9 5
4 10 5
4 11 4
4 12 3
4 15 2
4 18 5
4 19 6
4 20 6
4 22 4
4 23 3
4 24 2
4 25 3
4 26 4
4 27 5
4 30 7
4 31 6
4 32 5
4 33 4
4 34 3
4 35 4
4 36 5
4 37 6
4 39 8
4 40 8
4 41 7
4 43 5
4 44 4
4 45 5
4 46 6
4 47 7
4 48 8
4 50 9
4 51 8
4 52 7
4 53 6
4 55 6
4 56 7
4 57 8
4 58 9
4 59 10
4 60 10
4 62 8
4 63 7
4 64 6
4 65 7
4 66 8
4 67 9
4 68 10
4 69 11
4 70 11
4 71 10
4 72 9
4 73 8
4 74 7
4 75 8
4 76 9
4 77 10
4 78 11
4 79 12
4 81 11
4 83 9
4 84 8
4 85 9
4 86 10
4 87 11
4 88 12
4 89 13
4 92 11
4 94 9
4 95 10
4 96 11
4 97 12
4 98 13
5 7 2
5 8 3
5 9 4
5 10 6
5 11 5
5 12 4
5 15 1
5 18 4
5 19 5
5 20 7
5 22 5
5 23 4
5 24 3
5 25 2
5 26 3
5 27 4
5 30 8
5 31 7
5 32 6
5 33 5
5 34 4
5 35 3
5 36 4
5 37 5
5 39 7
5 40 9
5 41 8
5 43 6
5 44 5
5 45 4
5 46 5
5 47 6
5 48 7
5 50 10
5 51 9
5 52 8
5 53 7
5 55 5
5 56 6
5 57 7
5 58 8
5 59 9
5 60 11
5 62 9
5 63 8
5 64 7
5 65 6
5 66 7
5 67 8
5 68 9
5 69 10
5 70 12
5 71 11
5 72 10
5 73 9
5 74 8
5 75 7
5 76 8
5 77 9
5 78 10
5 79 11
5 81 12
5 83 10
5 84 9
5 85 8
5 86 9
5 87 10
5 88 11
5 89 12
5 92 12
5 94 10
5 95 9
5 96 10
5 97 11
5 98 12
7 8 1
7 9 2
7 10 8
7 11 7
7 12 6
7 15 3
7 18 2
7 19 3
7 20 9
7 22 7
7 23 6
7 24 5
7 25 4
7 26 3
7 27 2
7 30 10
7 31 9
7 32 8
7 33 7
7 34 6
7 35 5
7 36 4
7 37 3
7 39 5
7 40 11
7 41 10
7 43 8
7 44 7
7 45 6
7 46 5
7 47 4
7 48 5
7 50 12
7 51 11
7 52 10
7 53 9
7 55 7
7 56 6
7 57 5
7 58 6
7 59 7
7 60 13
7 62 11
7 63 10
7 64 9
7 65 8
7 66 7
7 67 6
7 68 7
7 69 8
7 70 14
7 71 13
7 72 12
7 73 11
7 74 10
7 75 9
7 76 8
7 77 7
7 78 8
7 79 9
7 81 14
7 83 12
7 84 11
7 85 10
7 86 9
7 87 8
7 88 9
7 89 10
7 92 14
7 94 12
7 95 11
7 96 10
7 97 9
7 98 10
8 9 1
8 10 9
8 11 8
8 12 7
8 15 4
8 18 1
8 19 2
8 20 10
8 22 8
8 23 7
8 24 6
8 25 5
8 26 4
8 27 3
8 30 11
8 31 10
8 32 9
8 33 8
8 34 7
8 35 6
8 36 5
8 37 4
8 39 4
8 40 12
8 41 11
8 43 9
8 44 8
8 45 7
8 46 6
8 47 5
8 48 4
8 50 13
8 51 12
8 52 11
8 53 10
8 55 8
8 56 7
8 57 6
8 58 5
8 59 6
8 60 14
8 62 12
8 63 11
8 64 10
8 65 9
8 66 8
8 67 7
8 68 6
8 69 7
8 70 15
8 71 14
8 72 13
8 73 12
8 74 11
8 75 10
8 76 9
8 77 8
8 78 7
8 79 8
8 81 15
8 83 13
8 84 12
8 85 11
8 86 10
8 87 9
8 88 8
8 89 9
8 92 15
8 94 13
8 95 12
8 96 11
8 97 10
8 98 9
9 10 10
9 11 9
9 12 8
9 15 5
9 18 2
9 19 1
9 20 11
9 22 9
9 23 8
9 24 7
9 25 6
9 26 5
9 27 4
9 30 12
9 31 11
9 32 10
9 33 9
9 34 8
9 35 7
9 36 6
9 37 5
9 39 3
9 40 13
9 41 12
9 43 10
9 44 9
9 45 8
9 46 7
9 47 6
9 48 5
9 50 14
9 51 13
9 52 12
9 53 11
9 55 9
9 56 8
9 57 7
9 58 6
9 59 5
9 60 15
9 62 13
9 63 12
9 64 11
9 65 10
9 66 9
9 67 8
9 68 7
9 69 6
9 70 16
9 71 15
9 72 14
9 73 13
9 74 12
9 75 11
9 76 10
9 77 9
9 78 8
9 79 7
9 81 16
9 83 14
9 84 13
9 85 12
9 86 11
9 87 10
9 88 9
9 89 8
9 92 16
9 94 14
9 95 13
9 96 12
9 97 11
9 98 10
10 11 1
10 12 2
10 15 5
10 18 8
10 19 9
10 20 1
10 22 3
10 23 4
10 24 5
10 25 6
10 26 7
10 27 8
10 30 2
10 31 3
10 32 4
10 33 5
10 34 6
10 35 7
10 36 8
10 37 9
10 39 11
10 40 3
10 41 4
10 43 6
10 44 7
10 45 8
10 46 9
10 47 10
10 48 11
10 50 4
10 51 5
10 52 6
10 53 7
10 55 9
10 56 10
10 57 11
10 58 12
10 59 13
10 60 5
10 62 7
10 63 8
10 64 9
10 65 10
10 66 11
10 67 12
10 68 13
10 69 14
10 70 6
10 71 7
10 72 8
10 73 9
10 74 10
10 75 11
10 76 12
10 77 13
10 78 14
10 79 15
10 81 8
10 83 10
10 84 11
10 85 12
10 86 13
10 87 14
10 88 15
10 89 16
10 92 10
10 94 12
10 95 13
10 96 14
10 97 15
10 98 16
11 12 1
11 15 4
11 18 7
11 19 8
11 20 2
11 22 2
11 23 3
11 24 4
11 25 5
11 26 6
11 27 7
11 30 3
11 31 2
11 32 3
11 33 4
11 34 5
11 35 6
11 36 7
11 37 8
11 39 10
11 40 4
11 41 3
11 43 5
11 44 6
11 45 7
11 46 8
11 47 9
11 48 10
11 50 5
11 51 4
11 52 5
11 53 6
11 55 8
11 56 9
11 57 10
11 58 11
11 59 12
11 60 6
11 62 6
11 63 7
11 64 8
11 65 9
11 66 10
11 67 11
11 68 12
11 69 13
11 70 7
11 71 6
11 72 7
11 73 8
11 74 9
11 75 10
11 76 11
11 77 12
11 78 13
11 79 14
11 81 7
11 83 9
11 84 10
11 85 11
11 86 12
11 87 13
11 88 14
11 89 15
11 92 9
11 94 11
11 95 12
11 96 13
11 97 14
11 98 15
12 15 3
12 18 6
12 19 7
12 20 3
12 22 1
12 23 2
12 24 3
12 25 4
12 26 5
12 27 6
12 30 4
12 31 3
12 32 2
12 33 3
12 34 4
12 35 5
12 36 6
12 37 7
12 39 9
12 40 5
12 41 4
12 43 4
12 44 5
12 45 6
12 46 7
12 47 8
12 48 9
12 50 6
12 51 5
12 52 4
12 53 5
12 55 7
12 56 8
12 57 9
12 58 10
12 59 11
12 60 7
12 62 5
12 63 6
12 64 7
12 65 8
12 66 9
12 67 10
12 68 11
12 69 12
12 70 8
12 71 7
12 72 6
12 73 7
12 74 8
12 75 9
12 76 10
12 77 11
12 78 12
12 79 13
12 81 8
12 83 8
12 84 9
12 85 10
12 86 11
12 87 12
12 88 13
12 89 14
12 92 8
12 94 10
12 95 11
12 96 12
12 97 13
12 98 14
15 18 3
15 19 4
15 20 6
15 22 4
15 23 3
15 24 2
15 25 1
15 26 2
15 27 3
15 30 7
15 31 6
15 32 5
15 33 4
15 34 3
15 35 2
15 36 3
15 37 4
15 39 6
15 40 8
15 41 7
15 43 5
15 44 4
15 45 3
15 46 4
15 47 5
15 48 6
15 50 9
15 51 8
15 52 7
15 53 6
15 55 4
15 56 5
15 57 6
15 58 7
15 59 8
15 60 10
15 62 8
15 63 7
15 64 6
15 65 5
15 66 6
15 67 7
15 68 8
15 69 9
15 70 11
15 71 10
15 72 9
15 73 8
15 74 7
15 75 6
15 76 7
15 77 8
15 78 9
15 79 10
15 81 11
15 83 9
15 84 8
15 85 7
15 86 8
15 87 9
15 88 10
15 89 11
15 92 11
15 94 9
15 95 8
15 96 9
15 97 10
15 98 11
18 19 1
18 20 9
18 22 7
18 23 6
18 24 5
18 25 4
18 26 3
18 27 2
18 30 10
18 31 9
18 32 8
18 33 7
18 34 6
18 35 5
18 36 4
18 37 3
18 39 3
18 40 11
18 41 10
18 43 8
18 44 7
18 45 6
18 46 5
18 47 4
18 48 3
18 50 12
18 51 11
18 52 10
18 53 9
18 55 7
18 56 6
18 57 5
18 58 4
18 59 5
18 60 13
18 62 11
18 63 10
18 64 9
18 65 8
18 66 7
18 67 6
18 68 5
18 69 6
18 70 14
18 71 13
18 72 12
18 73 11
18 74 10
18 75 9
18 76 8
18 77 7
18 78 6
18 79 7
18 81 14
18 83 12
18 84 11
18 85 10
18 86 9
18 87 8
18 88 7
18 89 8
18 92 14
18 94 12
18 95 11
18 96 10
18 97 9
18 98 8
19 20 10
19 22 8
19 23 7
19 24 6
19 25 5
19 26 4
19 27 3
19 30 11
19 31 10
19 32 9
19 33 8
19 34 7
19 35 6
19 36 5
19 37 4
19 39 2
19 40 12
19 41 11
19 43 9
19 44 8
19 45 7
19 46 6
19 47 5
19 48 4
19 50 13
19 51 12
19 52 11
19 53 10
19 55 8
19 56 7
19 57 6
19 58 5
19 59 4
19 60 14
19 62 12
19 63 11
19 64 10
19 65 9
19 66 8
19 67 7
19 68 6
19 69 5
19 70 15
19 71 14
19 72 13
19 73 12
19 74 11
19 75 10
19 76 9
19 77 8
19 78 7
19 79 6
19 81 15
19 83 13
19 84 12
19 85 11
19 86 10
19 87 9
19 88 8
19 89 7
19 92 15
19 94 13
19 95 12
19 96 11
19 97 10
19 98 9
20 22 2
20 23 3
20 24 4
20 25 5
20 26 6
20 27 7
20 30 1
20 31 2
20 32 3
20 33 4
20 34 5
20 35 6
20 36 7
20 37 8
20 39 10
20 40 2
20 41 3
20 43 5
20 44 6
20 45 7
20 46 8
20 47 9
20 48 10
20 50 3
20 51 4
20 52 5
20 53 6
20 55 8
20 56 9
20 57 10
20 58 11
20 59 12
20 60 4
20 62 6
20 63 7
20 64 8
20 65 9
20 66 10
20 67 11
20 68 12
20 69 13
20 70 5
20 71 6
20 72 7
20 73 8
20 74 9
20 75 10
20 76 11
20 77 12
20 78 13
20 79 14
20 81 7
20 83 9
20 84 10
20 85 11
20 86 12
20 87 13
20 88 14
20 89 15
20 92 9
20 94 11
20 95 12
20 96 13
20 97 14
20 98 15
22 23 1
22 24 2
22 25 3
22 26 4
22 27 5
22 30 3
22 31 2
22 32 1
22 33 2
22 34 3
22 35 4
22 36 5
22 37 6
22 39 8
22 40 4
22 41 3
22 43 3
22 44 4
22 45 5
22 46 6
22 47 7
22 48 8
22 50 5
22 51 4
22 52 3
22 53 4
22 55 6
22 56 7
22 57 8
22 58 9
22 59 10
22 60 6
22 62 4
22 63 5
22 64 6
22 65 7
22 66 8
22 67 9
22 68 10
22 69 11
22 70 7
22 71 6
22 72 5
22 73 6
22 74 7
22 75 8
22 76 9
22 77 10
22 78 11
22 79 12
22 81 7
22 83 7
22 84 8
22 85 9
22 86 10
22 87 11
22 88 12
22 89 13
22 92 7
22 94 9
22 95 10
22 96 11
22 97 12
22 98 13
23 24 1
23 25 2
23 26 3
23 27 4
23 30 4
23 31 3
23 32 2
23 33 1
23 34 2
23 35 3
23 36 4
23 37 5
23 39 7
23 40 5
23 41 4
23 43 2
23 44 3
23 45 4
23 46 5
23 47 6
23 48 7
23 50 6
23 51 5
23 52 4
23 53 3
23 55 5
23 56 6
23 57 7
23 58 8
23 59 9
23 60 7
23 62 5
23 63 4
23 64 5
23 65 6
23 66 7
23 67 8
23 68 9
23 69 10
23 70 8
23 71 7
23 72 6
23 73 5
23 74 6
23 75 7
23 76 8
23 77 9
23 78 10
23 79 11
23 81 8
23 83 6
23 84 7
23 85 8
23 86 9
23 87 10
23 88 11
23 89 12
23 92 8
23 94 8
23 95 9
23 96 10
23 97 11
23 98 12
24 25 1
24 26 2
24 27 3
24 30 5
24 31 4
24 32 3
24 33 2
24 34 1
24 35 2
24 36 3
24 37 4
24 39 6
24 40 6
24 41 5
24 43 3
24 44 2
24 45 3
24 46 4
24 47 5
24 48 6
24 50 7
24 51 6
24 52 5
24 53 4
24 55 4
24 56 5
24 57 6
24 58 7
24 59 8
24 60 8
24 62 6
24 63 5
24 64 4
24 65 5
24 66 6
24 67 7
24 68 8
24 69 9
24 70 9
24 71 8
24 72 7
24 73 6
24 74 5
24 75 6
24 76 7
24 77 8
24 78 9
24 79 10
24 81 9
24 83 7
24 84 6
24 85 7
24 86 8
24 87 9
24 88 10
24 89 11
24 92 9
24 94 7
24 95 8
24 96 9
24 97 10
24 98 11
25 26 1
25 27 2
25 30 6
25 31 5
25 32 4
25 33 3
25 34 2
25 35 1
25 36 2
25 37 3
25 39 5
25 40 7
25 41 6
25 43 4
25 44 3
25 45 2
25 46 3
25 47 4
25 48 5
25 50 8
25 51 7
25 52 6
25 53 5
25 55 3
25 56 4
25 57 5
25 58 6
25 59 7
25 60 9
25 62 7
25 63 6
25 64 5
25 65 4
25 66 5
25 67 6
25 68 7
25 69 8
25 70 10
25 71 9
25 72 8
25 73 7
25 74 6
25 75 5
25 76 6
25 77 7
25 78 8
25 79 9
25 81 10
25 83 8
25 84 7
25 85 6
25 86 7
25 87 8
25 88 9
25 89 10
25 92 10
25 94 8
25 95 7
25 96 8
25 97 9
25 98 10
26 27 1
26 30 7
26 31 6
26 32 5
26 33 4
26 34 3
26 35 2
26 36 1
26 37 2
26 39 4
26 40 8
26 41 7
26 43 5
26 44 4
26 45 3
26 46 2
26 47 3
26 48 4
26 50 9
26 51 8
26 52 7
26 53 6
26 55 4
26 56 3
26 57 4
26 58 5
26 59 6
26 60 10
26 62 8
26 63 7
26 64 6
26 65 5
26 66 4
26 67 5
26 68 6
26 69 7
26 70 11
26 71 10
26 72 9
26 73 8
26 74 7
26 75 6
26 76 5
26 77 6
26 78 7
26 79 8
26 81 11
26 83 9
26 84 8
26 85 7
26 86 6
26 87 7
26 88 8
26 89 9
26 92 11
26 94 9
26 95 8
26 96 7
26 97 8
26 98 9
27 30 8
27 31 7
27 32 6
27 33 5
27 34 4
27 35 3
27 36 2
27 37 1
27 39 3
27 40 9
27 41 8
27 43 6
27 44 5
27 45 4
27 46 3
27 47 2
27 48 3
27 50 10
27 51 9
27 52 8
27 53 7
27 55 5
27 56 4
27 57 3
27 58 4
27 59 5
27 60 11
27 62 9
27 63 8
27 64 7
27 65 6
27 66 5
27 67 4
27 68 5
27 69 6
27 70 12
27 71 11
27 72 10
27 73 9
27 74 8
27 75 7
27 76 6
27 77 5
27 78 6
27 79 7
27 81 12
27 83 10
27 84 9
27 85 8
27 86 7
27 87 6
27 88 7
27 89 8
27 92 12
27 94 10
27 95 9
27 96 8
27 97 7
27 98 8
30 31 1
30 32 2
30 33 3
30 34 4
30 35 5
30 36 6
30 37 7
30 39 9
30 40 1
30 41 2
30 43 4
30 44 5
30 45 6
30 46 7
30 47 8
30 48 9
30 50 2
30 51 3
30 52 4
30 53 5
30 55 7
30 56 8
30 57 9
30 58 10
30 59 11
30 60 3
30 62 5
30 63 6
30 64 7
30 65 8
30 66 9
30 67 10
30 68 11
30 69 12
30 70 4
30 71 5
30 72 6
30 73 7
30 74 8
30 75 9
30 76 10
30 77 11
30 78 12
30 79 13
30 81 6
30 83 8
30 84 9
30 85 10
30 86 11
30 87 12
30 88 13
30 89 14
30 92 8
30 94 10
30 95 11
30 96 12
30 97 13
30 98 14
31 32 1
31 33 2
31 34 3
31 35 4
31 36 5
31 37 6
31 39 8
31 40 2
31 41 1
31 43 3
31 44 4
31 45 5
31 46 6
31 47 7
31 48 8
31 50 3
31 51 2
31 52 3
31 53 4
31 55 6
31 56 7
31 57 8
31 58 9
31 59 10
31 60 4
31 62 4
31 63 5
31 64 6
31 65 7
31 66 8
31 67 9
31 68 10
31 69 11
31 70 5
31 71 4
31 72 5
31 73 6
31 74 7
31 75 8
31 76 9
31 77 10
31 78 11
31 79 12
31 81 5
31 83 7
31 84 8
31 85 9
31 86 10
31 87 11
31 88 12
31 89 13
31 92 7
31 94 9
31 95 10
31 96 11
31 97 12
31 98 13
32 33 1
32 34 2
32 35 3
32 36 4
32 37 5
32 39 7
32 40 3
32 41 2
32 43 2
32 44 3
32 45 4
32 46 5
32 47 6
32 48 7
32 50 4
32 51 3
32 52 2
32 53 3
32 55 5
32 56 6
32 57 7
32 58 8
32 59 9
32 60 5
32 62 3
32 63 4
32 64 5
32 65 6
32 66 7
32 67 8
32 68 9
32 69 10
32 70 6
32 71 5
32 72 4
32 73 5
32 74 6
32 75 7
32 76 8
32 77 9
32 78 10
32 79 11
32 81 6
32 83 6
32 84 7
32 85 8
32 86 9
32 87 10
32 88 11
32 89 12
32 92 6
32 94 8
32 95 9
32 96 10
32 97 11
32 98 12
33 34 1
33 35 2
33 36 3
33 37 4
33 39 6
33 40 4
33 41 3
33 43 1
33 44 2
33 45 3
33 46 4
33 47 5
33 48 6
33 50 5
33 51 4
33 52 3
33 53 2
33 55 4
33 56 5
33 57 6
33 58 7
33 59 8
33 60 6
33 62 4
33 63 3
33 64 4
33 65 5
33 66 6
33 67 7
33 68 8
33 69 9
33 70 7
33 71 6
33 72 5
33 73 4
33 74 5
33 75 6
33 76 7
33 77 8
33 78 9
33 79 10
33 81 7
33 83 5
33 84 6
33 85 7
33 86 8
33 87 9
33 88 10
33 89 11
33 92 7
33 94 7
33 95 8
33 96 9
33 97 10
33 98 11
34 35 1
34 36 2
34 37 3
34 39 5
34 40 5
34 41 4
34 43 2
34 44 1
34 45 2
34 46 3
34 47 4
34 48 5
34 50 6
34 51 5
34 52 4
34 53 3
34 55 3
34 56 4
34 57 5
34 58 6
34 59 7
34 60 7
34 62 5
34 63 4
34 64 3
34 65 4
34 66 5
34 67 6
34 68 7
34 69 8
34 70 8
34 71 7
34 72 6
34 73 5
34 74 4
34 75 5
34 76 6
34 77 7
34 78 8
34 79 9
34 81 8
34 83 6
34 84 5
34 85 6
34 86 7
34 87 8
34 88 9
34 89 10
34 92 8
34 94 6
34 95 7
34 96 8
34 97 9
34 98 10
35 36 1
35 37 2
35 39 4
35 40 6
35 41 5
35 43 3
35 44 2
35 45 1
35 46 2
35 47 3
35 48 4
35 50 7
35 51 6
35 52 5
35 53 4
35 55 2
35 56 3
35 57 4
35 58 5
35 59 6
35 60 8
35 62 6
35 63 5
35 64 4
35 65 3
35 66 4
35 67 5
35 68 6
35 69 7
35 70 9
35 71 8
35 72 7
35 73 6
35 74 5
35 75 4
35 76 5
35 77 6
35 78 7
35 79 8
35 81 9
35 83 7
35 84 6
35 85 5
35 86 6
35 87 7
35 88 8
35 89 9
35 92 9
35 94 7
35 95 6
35 96 7
35 97 8
35 98 9
36 37 1
36 39 3
36 40 7
36 41 6
36 43 4
36 44 3
36 45 2
36 46 1
36 47 2
36 48 3
36 50 8
36 51 7
36 52 6
36 53 5
36 55 3
36 56 2
36 57 3
36 58 4
36 59 5
36 60 9
36 62 7
36 63 6
36 64 5
36 65 4
36 66 3
36 67 4
36 68 5
36 69 6
36 70 10
36 71 9
36 72 8
36 73 7
36 74 6
36 75 5
36 76 4
36 77 5
36 78 6
36 79 7
36 81 10
36 83 8
36 84 7
36 85 6
36 86 5
36 87 6
36 88 7
36 89 8
36 92 10
36 94 8
36 95 7
36 96 6
36 97 7
36 98 8
37 39 2
37 40 8
37 41 7
37 43 5
37 44 4
37 45 3
37 46 2
37 47 1
37 48 2
37 50 9
37 51 8
37 52 7
37 53 6
37 55 4
37 56 3
37 57 2
37 58 3
37 59 4
37 60 10
37 62 8
37 63 7
37 64 6
37 65 5
37 66 4
37 67 3
37 68 4
37 69 5
37 70 11
37 71 10
37 72 9
37 73 8
37 74 7
37 75 6
37 76 5
37 77 4
37 78 5
37 79 6
37 81 11
37 83 9
37 84 8
37 85 7
37 86 6
37 87 5
37 88 6
37 89 7
37 92 11
37 94 9
37 95 8
37 96 7
37 97 6
37 98 7
39 40 10
39 41 9
39 43 7
39 44 6
39 45 5
39 46 4
39 47 3
39 48 2
39 50 11
39 51 10
39 52 9
39 53 8
39 55 6
39 56 5
39 57 4
39 58 3
39 59 2
39 60 12
39 62 10
39 63 9
39 64 8
39 65 7
39 66 6
39 67 5
39 68 4
39 69 3
39 70 13
39 71 12
39 72 11
39 73 10
39 74 9
39 75 8
39 76 7
39 77 6
39 78 5
39 79 4
39 81 13
39 83 11
39 84 10
39 85 9
39 86 8
39 87 7
39 88 6
39 89 5
39 92 13
39 94 11
39 95 10
39 96 9
39 97 8
39 98 7
40 41 1
40 43 3
40 44 4
40 45 5
40 46 6
40 47 7
40 48 8
40 50 1
40 51 2
40 52 3
40 53 4
40 55 6
40 56 7
40 57 8
40 58 9
40 59 10
40 60 2
40 62 4
40 63 5
40 64 6
40 65 7
40 66 8
40 67 9
40 68 10
40 69 11
40 70 3
40 71 4
40 72 5
40 73 6
40 74 7
40 75 8
40 76 9
40 77 10
40 78 11
40 79 12
40 81 5
40 83 7
40 84 8
40 85 9
40 86 10
40 87 11
40 88 12
40 89 13
40 92 7
40 94 9
40 95 10
40 96 11
40 97 12
40 98 13
41 43 2
41 44 3
41 45 4
41 46 5
41 47 6
41 48 7
41 50 2
41 51 1
41 52 2
41 53 3
41 55 5
41 56 6
41 57 7
41 58 8
41 59 9
41 60 3
41 62 3
41 63 4
41 64 5
41 65 6
41 66 7
41 67 8
41 68 9
41 69 10
41 70 4
41 71 3
41 72 4
41 73 5
41 74 6
41 75 7
41 76 8
41 77 9
41 78 10
41 79 11
41 81 4
41 83 6
41 84 7
41 85 8
41 86 9
41 87 10
41 88 11
41 89 12
41 92 6
41 94 8
41 95 9
41 96 10
41 97 11
41 98 12
43 44 1
43 45 2
43 46 3
43 47 4
43 48 5
43 50 4
43 51 3
43 52 2
43 53 1
43 55 3
43 56 4
43 57 5
43 58 6
43 59 7
43 60 5
43 62 3
43 63 2
43 64 3
43 65 4
43 66 5
43 67 6
43 68 7
43 69 8
43 70 6
43 71 5
43 72 4
43 73 3
43 74 4
43 75 5
43 76 6
43 77 7
43 78 8
43 79 9
43 81 6
43 83 4
43 84 5
43 85 6
43 86 7
43 87 8
43 88 9
43 89 10
43 92 6
43 94 6
43 95 7
43 96 8
43 97 9
43 98 10
44 45 1
44 46 2
44 47 3
44 48 4
44 50 5
44 51 4
44 52 3
44 53 2
44 55 2
44 56 3
44 57 4
44 58 5
44 59 6
44 60 6
44 62 4
44 63 3
44 64 2
44 65 3
44 66 4
44 67 5
44 68 6
44 69 7
44 70 7
44 71 6
44 72 5
44 73 4
44 74 3
44 75 4
44 76 5
44 77 6
44 78 7
44 79 8
44 81 7
44 83 5
44 84 4
44 85 5
44 86 6
44 87 7
44 88 8
44 89 9
44 92 7
44 94 5
44 95 6
44 96 7
44 97 8
44 98 9
45 46 1
45 47 2
45 48 3
45 50 6
45 51 5
45 52 4
45 53 3
45 55 1
45 56 2
45 57 3
45 58 4
45 59 5
45 60 7
45 62 5
45 63 4
45 64 3
45 65 2
45 66 3
45 67 4
45 68 5
45 69 6
45 70 8
45 71 7
45 72 6
45 73 5
45 74 4
45 75 3
45 76 4
45 77 5
45 78 6
45 79 7
45 81 8
45 83 6
45 84 5
45 85 4
45 86 5
45 87 6
45 88 7
45 89 8
45 92 8
45 94 6
45 95 5
45 96 6
45 97 7
45 98 8
46 47 1
46 48 2
46 50 7
46 51 6
46 52 5
46 53 4
46 55 2
46 56 1
46 57 2
46 58 3
46 59 4
46 60 8
46 62 6
46 63 5
46 64 4
46 65 3
46 66 2
46 67 3
46 68 4
46 69 5
46 70 9
46 71 8
46 72 7
46 73 6
46 74 5
46 75 4
46 76 3
46 77 4
46 78 5
46 79 6
46 81 9
46 83 7
46 84 6
46 85 5
46 86 4
46 87 5
46 88 6
46 89 7
46 92 9
46 94 7
46 95 6
46 96 5
46 97 6
46 98 7
47 48 1
47 50 8
47 51 7
47 52 6
47 53 5
47 55 3
47 56 2
47 57 1
47 58 2
47 59 3
47 60 9
47 62 7
47 63 6
47 64 5
47 65 4
47 66 3
47 67 2
47 68 3
47 69 4
47 70 10
47 71 9
47 72 8
47 73 7
47 74 6
47 75 5
47 76 4
47 77 3
47 78 4
47 79 5
47 81 10
47 83 8
47 84 7
47 85 6
47 86 5
47 87 4
47 88 5
47 89 6
47 92 10
47 94 8
47 95 7
47 96 6
47 97 5
47 98 6
48 50 9
48 51 8
48 52 7
48 53 6
48 55 4
48 56 3
48 57 2
48 58 1
48 59 2
48 60 10
48 62 8
48 63 7
48 64 6
48 65 5
48 66 4
48 67 3
48 68 2
48 69 3
48 70 11
48 71 10
48 72 9
48 73 8
48 74 7
48 75 6
48 76 5
48 77 4
48 78 3
48 79 4
48 81 11
48 83 9
48 84 8
48 85 7
48 86 6
48 87 5
48 88 4
48 89 5
48 92 11
48 94 9
48 95 8
48 96 7
48 97 6
48 98 5
50 51 1
50 52 2
50 53 3
50 55 5
50 56 6
50 57 7
50 58 8
50 59 9
50 60 1
50 62 3
50 63 4
50 64 5
50 65 6
50 66 7
50 67 8
50 68 9
50 69 10
50 70 2
50 71 3
50 72 4
50 73 5
50 74 6
50 75 7
50 76 8
50 77 9
50 78 10
50 79 11
50 81 4
50 83 6
50 84 7
50 85 8
50 86 9
50 87 10
50 88 11
50 89 12
50 92 6
50 94 8
50 95 9
50 96 10
50 97 11
50 98 12
51 52 1
51 53 2
51 55 4
51 56 5
51 57 6
51 58 7
51 59 8
51 60 2
51 62 2
51 63 3
51 64 4
51 65 5
51 66 6
51 67 7
51 68 8
51 69 9
51 70 3
51 71 2
51 72 3
51 73 4
51 74 5
51 75 6
51 76 7
51 77 8
51 78 9
51 79 10
51 81 3
51 83 5
51 84 6
51 85 7
51 86 8
51 87 9
51 88 10
51 89 11
51 92 5
51 94 7
51 95 8
51 96 9
51 97 10
51 98 11
52 53 1
52 55 3
52 56 4
52 57 5
52 58 6
52 59 7
52 60 3
52 62 1
52 63 2
52 64 3
52 65 4
52 66 5
52 67 6
52 68 7
52 69 8
52 70 4
52 71 3
52 72 2
52 73 3
52 74 4
52 75 5
52 76 6
52 77 7
52 78 8
52 79 9
52 81 4
52 83 4
52 84 5
52 85 6
52 86 7
52 87 8
52 88 9
52 89 10
52 92 4
52 94 6
52 95 7
52 96 8
52 97 9
52 98 10
53 55 2
53 56 3
53 57 4
53 58 5
53 59 6
53 60 4
53 62 2
53 63 1
53 64 2
53 65 3
53 66 4
53 67 5
53 68 6
53 69 7
53 70 5
53 71 4
53 72 3
53 73 2
53 74 3
53 75 4
53 76 5
53 77 6
53 78 7
53 79 8
53 81 5
53 83 3
53 84 4
53 85 5
53 86 6
53 87 7
53 88 8
53 89 9
53 92 5
53 94 5
53 95 6
53 96 7
53 97 8
53 98 9
55 56 1
55 57 2
55 58 3
55 59 4
55 60 6
55 62 4
55 63 3
55 64 2
55 65 1
55 66 2
55 67 3
55 68 4
55 69 5
55 70 7
55 71 6
55 72 5
55 73 4
55 74 3
55 75 2
55 76 3
55 77 4
55 78 5
55 79 6
55 81 7
55 83 5
55 84 4
55 85 3
55 86 4
55 87 5
55 88 6
55 89 7
55 92 7
55 94 5
55 95 4
55 96 5
55 97 6
55 98 7
56 57 1
56 58 2
56 59 3
56 60 7
56 62 5
56 63 4
56 64 3
56 65 2
56 66 1
56 67 2
56 68 3
56 69 4
56 70 8
56 71 7
56 72 6
56 73 5
56 74 4
56 75 3
56 76 2
56 77 3
56 78 4
56 79 5
56 81 8
56 83 6
56 84 5
56 85 4
56 86 3
56 87 4
56 88 5
56 89 6
56 92 8
56 94 6
56 95 5
56 96 4
56 97 5
56 98 6
57 58 1
57 59 2
57 60 8
57 62 6
57 63 5
57 64 4
57 65 3
57 66 2
57 67 1
57 68 2
57 69 3
57 70 9
57 71 8
57 72 7
57 73 6
57 74 5
57 75 4
57 76 3
57 77 2
57 78 3
57 79 4
57 81 9
57 83 7
57 84 6
57 85 5
57 86 4
57 87 3
57 88 4
57 89 5
57 92 9
57 94 7
57 95 6
57 96 5
57 97 4
57 98 5
58 59 1
58 60 9
58 62 7
58 63 6
58 64 5
58 65 4
58 66 3
58 67 2
58 68 1
58 69 2
58 70 10
58 71 9
58 72 8
58 73 7
58 74 6
58 75 5
58 76 4
58 77 3
58 78 2
58 79 3
58 81 10
58 83 8
58 84 7
58 85 6
58 86 5
58 87 4
58 88 3
58 89 4
58 92 10
58 94 8
58 95 7
58 96 6
58 97 5
58 98 4
59 60 10
59 62 8
59 63 7
59 64 6
59 65 5
59 66 4
59 67 3
59 68 2
59 69 1
59 70 11
59 71 10
59 72 9
59 73 8
59 74 7
59 75 6
59 76 5
59 77 4
59 78 3
59 79 2
59 81 11
59 83 9
59 84 8
59 85 7
59 86 6
59 87 5
59 88 4
59 89 3
59 92 11
59 94 9
59 95 8
59 96 7
59 97 6
59 98 5
60 62 2
60 63 3
60 64 4
60 65 5
60 66 6
60 67 7
60 68 8
60 69 9
60 70 1
60 71 2
60 72 3
60 73 4
60 74 5
60 75 6
60 76 7
60 77 8
60 78 9
60 79 10
60 81 3
60 83 5
60 84 6
60 85 7
60 86 8
60 87 9
60 88 10
60 89 11
60 92 5
60 94 7
60 95 8
60 96 9
60 97 10
60 98 11
62 63 1
62 64 2
62 65 3
62 66 4
62 67 5
62 68 6
62 69 7
62 70 3
62 71 2
62 72 1
62 73 2
62 74 3
62 75 4
62 76 5
62 77 6
62 78 7
62 79 8
62 81 3
62 83 3
62 84 4
62 85 5
62 86 6
62 87 7
62 88 8
62 89 9
62 92 3
62 94 5
62 95 6
62 96 7
62 97 8
62 98 9
63 64 1
63 65 2
63 66 3
63 67 4
63 68 5
63 69 6
63 70 4
63 71 3
63 72 2
63 73 1
63 74 2
63 75 3
63 76 4
63 77 5
63 78 6
63 79 7
63 81 4
63 83 2
63 84 3
63 85 4
63 86 5
63 87 6
63 88 7
63 89 8
63 92 4
63 94 4
63 95 5
63 96 6
63 97 7
63 98 8
64 65 1
64 66 2
64 67 3
64 68 4
64 69 5
64 70 5
64 71 4
64 72 3
64 73 2
64 74 1
64 75 2
64 76 3
64 77 4
64 78 5
64 79 6
64 81 5
64 83 3
64 84 2
64 85 3
64 86 4
64 87 5
64 88 6
64 89 7
64 92 5
64 94 3
64 95 4
64 96 5
64 97 6
64 98 7
65 66 1
65 67 2
65 68 3
65 69 4
65 70 6
65 71 5
65 72 4
65 73 3
65 74 2
65 75 1
65 76 2
65 77 3
65 78 4
65 79 5
65 81 6
65 83 4
65 84 3
65 85 2
65 86 3
65 87 4
65 88 5
65 89 6
65 92 6
65 94 4
65 95 3
65 96 4
65 97 5
65 98 6
66 67 1
66 68 2
66 69 3
66 70 7
66 71 6
66 72 5
66 73 4
66 74 3
66 75 2
66 76 1
66 77 2
66 78 3
66 79 4
66 81 7
66 83 5
66 84 4
66 85 3
66 86 2
66 87 3
66 88 4
66 89 5
66 92 7
66 94 5
66 95 4
66 96 3
66 97 4
66 98 5
67 68 1
67 69 2
67 70 8
67 71 7
67 72 6
67 73 5
67 74 4
67 75 3
67 76 2
67 77 1
67 78 2
67 79 3
67 81 8
67 83 6
67 84 5
67 85 4
67 86 3
67 87 2
67 88 3
67 89 4
67 92 8
67 94 6
67 95 5
67 96 4
67 97 3
67 98 4
68 69 1
68 70 9
68 71 8
68 72 7
68 73 6
68 74 5
68 75 4
68 76 3
68 77 2
68 78 1
68 79 2
68 81 9
68 83 7
68 84 6
68 85 5
68 86 4
68 87 3
68 88 2
68 89 3
68 92 9
68 94 7
68 95 6
68 96 5
68 97 4
68 98 3
69 70 10
69 71 9
69 72 8
69 73 7
69 74 6
69 75 5
69 76 4
69 77 3
69 78 2
69 79 1
69 81 10
69 83 8
69 84 7
69 85 6
69 86 5
69 87 4
69 88 3
69 89 2
69 92 10
69 94 8
69 95 7
69 96 6
69 97 5
69 98 4
70 71 1
70 72 2
70 73 3
70 74 4
70 75 5
70 76 6
70 77 7
70 78 8
70 79 9
70 81 2
70 83 4
70 84 5
70 85 6
70 86 7
70 87 8
70 88 9
70 89 10
70 92 4
70 94 6
70 95 7
70 96 8
70 97 9
70 98 10
71 72 1
71 73 2
71 74 3
71 75 4
71 76 5
71 77 6
71 78 7
71 79 8
71 81 1
71 83 3
71 84 4
71 85 5
71 86 6
71 87 7
71 88 8
71 89 9
71 92 3
71 94 5
71 95 6
71 96 7
71 97 8
71 98 9
72 73 1
72 74 2
72 75 3
72 76 4
72 77 5
72 78 6
72 79 7
72 81 2
72 83 2
72 84 3
72 85 4
72 86 5
72 87 6
72 88 7
72 89 8
72 92 2
72 94 4
72 95 5
72 96 6
72 97 7
72 98 8
73 74 1
73 75 2
73 76 3
73 77 4
73 78 5
73 79 6
73 81 3
73 83 1
73 84 2
73 85 3
73 86 4
73 87 5
73 88 6
73 89 7
73 92 3
73 94 3
73 95 4
73 96 5
73 97 6
73 98 7
74 75 1
74 76 2
74 77 3
74 78 4
74 79 5
74 81 4
74 83 2
74 84 1
74 85 2
74 86 3
74 87 4
74 88 5
74 89 6
74 92 4
74 94 2
74 95 3
74 96 4
74 97 5
74 98 6
75 76 1
75 77 2
75 78 3
75 79 4
75 81 5
75 83 3
75 84 2
75 85 1
75 86 2
75 87 3
75 88 4
75 89 5
75 92 5
75 94 3
75 95 2
75 96 3
75 97 4
75 98 5
76 77 1
76 78 2
76 79 3
76 81 6
76 83 4
76 84 3
76 85 2
76 86 1
76 87 2
76 88 3
76 89 4
76 92 6
76 94 4
76 95 3
76 96 2
76 97 3
76 98 4
77 78 1
77 79 2
77 81 7
77 83 5
77 84 4
77 85 3
77 86 2
77 87 1
77 88 2
77 89 3
77 92 7
77 94 5
77 95 4
77 96 3
77 97 2
77 98 3
78 79 1
78 81 8
78 83 6
78 84 5
78 85 4
78 86 3
78 87 2
78 88 1
78 89 2
78 92 8
78 94 6
78 95 5
78 96 4
78 97 3
78 98 2
79 81 9
79 83 7
79 84 6
79 85 5
79 86 4
79 87 3
79 88 2
79 89 1
79 92 9
79 94 7
79 95 6
79 96 5
79 97 4
79 98 3
81 83 2
81 84 3
81 85 4
81 86 5
81 87 6
81 88 7
81 89 8
81 92 2
81 94 4
81 95 5
81 96 6
81 97 7
81 98 8
83 84 1
83 85 2
83 86 3
83 87 4
83 88 5
83 89 6
83 92 2
83 94 2
83 95 3
83 96 4
83 97 5
83 98 6
84 85 1
84 86 2
84 87 3
84 88 4
84 89 5
84 92 3
84 94 1
84 95 2
84 96 3
84 97 4
84 98 5
85 86 1
85 87 2
85 88 3
85 89 4
85 92 4
85 94 2
85 95 1
85 96 2
85 97 3
85 98 4
86 87 1
86 88 2
86 89 3
86 92 5
86 94 3
86 95 2
86 96 1
86 97 2
86 98 3
87 88 1
87 89 2
87 92 6
87 94 4
87 95 3
87 96 2
87 97 1
87 98 2
88 89 1
88 92 7
88 94 5
88 95 4
88 96 3
88 97 2
88 98 1
89 92 8
89 94 6
89 95 5
89 96 4
89 97 3
89 98 2
92 94 2
92 95 3
92 96 4
92 97 5
92 98 6
94 95 1
94 96 2
94 97 3
94 98 4
95 96 1
95 97 2
95 98 3
96 97 1
96 98 2
97 98 1
0 1 4
0 2 4
0 3 4
0 4 3
0 5 0
0 6 0
0 7 3
0 8 4
0 9 2
1 2 2
1 3 1
1 4 4
1 5 3
1 6 4
1 7 2
1 8 2
1 9 0
2 3 0
2 4 2
2 5 3
2 6 4
2 7 2
2 8 4
2 9 0
3 4 2
3 5 0
3 6 1
3 7 2
3 8 1
3 9 3
4 5 2
4 6 1
4 7 2
4 8 2
4 9 4
5 6 2
5 7 3
5 8 3
5 9 2
6 7 0
6 8 0
6 9 3
7 8 0
7 9 4
8 9 3
