30 10
0 3 3
0 4 4
0 15 6
0 18 9
0 28 10
0 30 3
0 31 4
0 32 5
0 34 7
0 36 9
0 40 4
0 42 6
0 44 8
0 50 5
0 55 10
0 57 12
0 58 13
0 61 7
0 62 8
0 63 9
0 66 12
0 67 13
0 68 14
0 74 11
0 76 13
0 79 16
0 86 14
0 87 15
0 92 11
3 4 1
3 15 3
3 18 6
3 28 7
3 30 6
3 31 5
3 32 4
3 34 4
3 36 6
3 40 7
3 42 5
3 44 5
3 50 8
3 55 7
3 57 9
3 58 10
3 61 8
3 62 7
3 63 6
3 66 9
3 67 10
3 68 11
3 74 8
3 76 10
3 79 13
3 86 11
3 87 12
3 92 10
4 15 2
4 18 5
4 28 6
4 30 7
4 31 6
4 32 5
4 34 3
4 36 5
4 40 8
4 42 6
4 44 4
4 50 9
4 55 6
4 57 8
4 58 9
4 61 9
4 62 8
4 63 7
4 66 8
4 67 9
4 68 10
4 74 7
4 76 9
4 79 12
4 86 10
4 87 11
4 92 11
15 18 3
15 28 4
15 30 7
15 31 6
15 32 5
15 34 3
15 36 3
15 40 8
15 42 6
15 44 4
15 50 9
15 55 4
15 57 6
15 58 7
15 61 9
15 62 8
15 63 7
15 66 6
15 67 7
15 68 8
15 74 7
15 76 7
15 79 10
15 86 8
15 87 9
15 92 11
18 28 1
18 30 10
18 31 9
18 32 8
18 34 6
18 36 4
18 40 11
18 42 9
18 44 7
18 50 12
18 55 7
18 57 5
18 58 4
18 61 12
18 62 11
18 63 10
18 66 7
18 67 6
18 68 5
18 74 10
18 76 8
18 79 7
18 86 9
18 87 8
18 92 14
28 30 9
28 31 8
28 32 7
28 34 5
28 36 3
28 40 10
28 42 8
28 44 6
28 50 11
28 55 6
28 57 4
28 58 3
28 61 11
28 62 10
28 63 9
28 66 6
28 67 5
28 68 4
28 74 9
28 76 7
28 79 6
28 86 8
28 87 7
28 92 13
30 31 1
30 32 2
30 34 4
30 36 6
30 40 1
30 42 3
30 44 5
30 50 2
30 55 7
30 57 9
30 58 10
30 61 4
30 62 5
30 63 6
30 66 9
30 67 10
30 68 11
30 74 8
30 76 10
30 79 13
30 86 11
30 87 12
30 92 8
31 32 1
31 34 3
31 36 5
31 40 2
31 42 2
31 44 4
31 50 3
31 55 6
31 57 8
31 58 9
31 61 3
31 62 4
31 63 5
31 66 8
31 67 9
31 68 10
31 74 7
31 76 9
31 79 12
31 86 10
31 87 11
31 92 7
32 34 2
32 36 4
32 40 3
32 42 1
32 44 3
32 50 4
32 55 5
32 57 7
32 58 8
32 61 4
32 62 3
32 63 4
32 66 7
32 67 8
32 68 9
32 74 6
32 76 8
32 79 11
32 86 9
32 87 10
32 92 6
34 36 2
34 40 5
34 42 3
34 44 1
34 50 6
34 55 3
34 57 5
34 58 6
34 61 6
34 62 5
34 63 4
34 66 5
34 67 6
34 68 7
34 74 4
34 76 6
34 79 9
34 86 7
34 87 8
34 92 8
36 40 7
36 42 5
36 44 3
36 50 8
36 55 3
36 57 3
36 58 4
36 61 8
36 62 7
36 63 6
36 66 3
36 67 4
36 68 5
36 74 6
36 76 4
36 79 7
36 86 5
36 87 6
36 92 10
40 42 2
40 44 4
40 50 1
40 55 6
40 57 8
40 58 9
40 61 3
40 62 4
40 63 5
40 66 8
40 67 9
40 68 10
40 74 7
40 76 9
40 79 12
40 86 10
40 87 11
40 92 7
42 44 2
42 50 3
42 55 4
42 57 6
42 58 7
42 61 3
42 62 2
42 63 3
42 66 6
42 67 7
42 68 8
42 74 5
42 76 7
42 79 10
42 86 8
42 87 9
42 92 5
44 50 5
44 55 2
44 57 4
44 58 5
44 61 5
44 62 4
44 63 3
44 66 4
44 67 5
44 68 6
44 74 3
44 76 5
44 79 8
44 86 6
44 87 7
44 92 7
50 55 5
50 57 7
50 58 8
50 61 2
50 62 3
50 63 4
50 66 7
50 67 8
50 68 9
50 74 6
50 76 8
50 79 11
50 86 9
50 87 10
50 92 6
55 57 2
55 58 3
55 61 5
55 62 4
55 63 3
55 66 2
55 67 3
55 68 4
55 74 3
55 76 3
55 79 6
55 86 4
55 87 5
55 92 7
57 58 1
57 61 7
57 62 6
57 63 5
57 66 2
57 67 1
57 68 2
57 74 5
57 76 3
57 79 4
57 86 4
57 87 3
57 92 9
58 61 8
58 62 7
58 63 6
58 66 3
58 67 2
58 68 1
58 74 6
58 76 4
58 79 3
58 86 5
58 87 4
58 92 10
61 62 1
61 63 2
61 66 5
61 67 6
61 68 7
61 74 4
61 76 6
61 79 9
61 86 7
61 87 8
61 92 4
62 63 1
62 66 4
62 67 5
62 68 6
62 74 3
62 76 5
62 79 8
62 86 6
62 87 7
62 92 3
63 66 3
63 67 4
63 68 5
63 74 2
63 76 4
63 79 7
63 86 5
63 87 6
63 92 4
66 67 1
66 68 2
66 74 3
66 76 1
66 79 4
66 86 2
66 87 3
66 92 7
67 68 1
67 74 4
67 76 2
67 79 3
67 86 3
67 87 2
67 92 8
68 74 5
68 76 3
68 79 2
68 86 4
68 87 3
68 92 9
74 76 2
74 79 5
74 86 3
74 87 4
74 92 4
76 79 3
76 86 1
76 87 2
76 92 6
79 86 4
79 87 3
79 92 9
86 87 1
86 92 5
87 92 6
0 1 2
0 2 3
0 3 3
0 4 2
0 5 1
0 6 0
0 7 0
0 8 4
0 9 2
1 2 2
1 3 2
1 4 0
1 5 2
1 6 1
1 7 4
1 8 0
1 9 4
2 3 4
2 4 3
2 5 3
2 6 3
2 7 2
2 8 3
2 9 3
3 4 3
3 5 0
3 6 3
3 7 1
3 8 1
3 9 0
4 5 1
4 6 4
4 7 3
4 8 0
4 9 1
5 6 4
5 7 1
5 8 1
5 9 4
6 7 4
6 8 4
6 9 1
7 8 4
7 9 2
8 9 3
