30 10
4 6 2
4 7 3
4 9 5
4 16 3
4 17 4
4 20 6
4 23 3
4 24 2
4 25 3
4 29 7
4 32 5
4 38 7
4 41 7
4 44 4
4 47 7
4 50 9
4 52 7
4 54 5
4 62 8
4 64 6
4 67 9
4 71 10
4 73 8
4 74 7
4 79 12
4 81 11
4 82 10
4 89 13
4 94 9
6 7 1
6 9 3
6 16 1
6 17 2
6 20 8
6 23 5
6 24 4
6 25 3
6 29 5
6 32 7
6 38 5
6 41 9
6 44 6
6 47 5
6 50 11
6 52 9
6 54 7
6 62 10
6 64 8
6 67 7
6 71 12
6 73 10
6 74 9
6 79 10
6 81 13
6 82 12
6 89 11
6 94 11
7 9 2
7 16 2
7 17 1
7 20 9
7 23 6
7 24 5
7 25 4
7 29 4
7 32 8
7 38 4
7 41 10
7 44 7
7 47 4
7 50 12
7 52 10
7 54 8
7 62 11
7 64 9
7 67 6
7 71 13
7 73 11
7 74 10
7 79 9
7 81 14
7 82 13
7 89 10
7 94 12
9 16 4
9 17 3
9 20 11
9 23 8
9 24 7
9 25 6
9 29 2
9 32 10
9 38 4
9 41 12
9 44 9
9 47 6
9 50 14
9 52 12
9 54 10
9 62 13
9 64 11
9 67 8
9 71 15
9 73 13
9 74 12
9 79 7
9 81 16
9 82 15
9 89 8
9 94 14
16 17 1
16 20 7
16 23 4
16 24 3
16 25 2
16 29 4
16 32 6
16 38 4
16 41 8
16 44 5
16 47 4
16 50 10
16 52 8
16 54 6
16 62 9
16 64 7
16 67 6
16 71 11
16 73 9
16 74 8
16 79 9
16 81 12
16 82 11
16 89 10
16 94 10
17 20 8
17 23 5
17 24 4
17 25 3
17 29 3
17 32 7
17 38 3
17 41 9
17 44 6
17 47 3
17 50 11
17 52 9
17 54 7
17 62 10
17 64 8
17 67 5
17 71 12
17 73 10
17 74 9
17 79 8
17 81 13
17 82 12
17 89 9
17 94 11
20 23 3
20 24 4
20 25 5
20 29 9
20 32 3
20 38 9
20 41 3
20 44 6
20 47 9
20 50 3
20 52 5
20 54 7
20 62 6
20 64 8
20 67 11
20 71 6
20 73 8
20 74 9
20 79 14
20 81 7
20 82 8
20 89 15
20 94 11
23 24 1
23 25 2
23 29 6
23 32 2
23 38 6
23 41 4
23 44 3
23 47 6
23 50 6
23 52 4
23 54 4
23 62 5
23 64 5
23 67 8
23 71 7
23 73 5
23 74 6
23 79 11
23 81 8
23 82 7
23 89 12
23 94 8
24 25 1
24 29 5
24 32 3
24 38 5
24 41 5
24 44 2
24 47 5
24 50 7
24 52 5
24 54 3
24 62 6
24 64 4
24 67 7
24 71 8
24 73 6
24 74 5
24 79 10
24 81 9
24 82 8
24 89 11
24 94 7
25 29 4
25 32 4
25 38 4
25 41 6
25 44 3
25 47 4
25 50 8
25 52 6
25 54 4
25 62 7
25 64 5
25 67 6
25 71 9
25 73 7
25 74 6
25 79 9
25 81 10
25 82 9
25 89 10
25 94 8
29 32 8
29 38 2
29 41 10
29 44 7
29 47 4
29 50 12
29 52 10
29 54 8
29 62 11
29 64 9
29 67 6
29 71 13
29 73 11
29 74 10
29 79 5
29 81 14
29 82 13
29 89 6
29 94 12
32 38 6
32 41 2
32 44 3
32 47 6
32 50 4
32 52 2
32 54 4
32 62 3
32 64 5
32 67 8
32 71 5
32 73 5
32 74 6
32 79 11
32 81 6
32 82 5
32 89 12
32 94 8
38 41 8
38 44 5
38 47 2
38 50 10
38 52 8
38 54 6
38 62 9
38 64 7
38 67 4
38 71 11
38 73 9
38 74 8
38 79 5
38 81 12
38 82 11
38 89 6
38 94 10
41 44 3
41 47 6
41 50 2
41 52 2
41 54 4
41 62 3
41 64 5
41 67 8
41 71 3
41 73 5
41 74 6
41 79 11
41 81 4
41 82 5
41 89 12
41 94 8
44 47 3
44 50 5
44 52 3
44 54 1
44 62 4
44 64 2
44 67 5
44 71 6
44 73 4
44 74 3
44 79 8
44 81 7
44 82 6
44 89 9
44 94 5
47 50 8
47 52 6
47 54 4
47 62 7
47 64 5
47 67 2
47 71 9
47 73 7
47 74 6
47 79 5
47 81 10
47 82 9
47 89 6
47 94 8
50 52 2
50 54 4
50 62 3
50 64 5
50 67 8
50 71 3
50 73 5
50 74 6
50 79 11
50 81 4
50 82 5
50 89 12
50 94 8
52 54 2
52 62 1
52 64 3
52 67 6
52 71 3
52 73 3
52 74 4
52 79 9
52 81 4
52 82 3
52 89 10
52 94 6
54 62 3
54 64 1
54 67 4
54 71 5
54 73 3
54 74 2
54 79 7
54 81 6
54 82 5
54 89 8
54 94 4
62 64 2
62 67 5
62 71 2
62 73 2
62 74 3
62 79 8
62 81 3
62 82 2
62 89 9
62 94 5
64 67 3
64 71 4
64 73 2
64 74 1
64 79 6
64 81 5
64 82 4
64 89 7
64 94 3
67 71 7
67 73 5
67 74 4
67 79 3
67 81 8
67 82 7
67 89 4
67 94 6
71 73 2
71 74 3
71 79 8
71 81 1
71 82 2
71 89 9
71 94 5
73 74 1
73 79 6
73 81 3
73 82 2
73 89 7
73 94 3
74 79 5
74 81 4
74 82 3
74 89 6
74 94 2
79 81 9
79 82 8
79 89 1
79 94 7
81 82 1
81 89 8
81 94 4
82 89 7
82 94 3
89 94 6
0 1 0
0 2 3
0 3 4
0 4 4
0 5 1
0 6 3
0 7 0
0 8 4
0 9 4
1 2 4
1 3 4
1 4 1
1 5 4
1 6 2
1 7 0
1 8 2
1 9 3
2 3 4
2 4 0
2 5 1
2 6 0
2 7 0
2 8 4
2 9 3
3 4 2
3 5 1
3 6 4
3 7 2
3 8 4
3 9 0
4 5 4
4 6 0
4 7 3
4 8 4
4 9 0
5 6 0
5 7 2
5 8 0
5 9 4
6 7 2
6 8 4
6 9 3
7 8 4
7 9 3
8 9 1
