100 10
0 1 704.48
0 2 778.79
0 3 498.30
0 4 161.76
0 5 770.42
0 6 515.43
0 7 276.30
0 8 312.66
0 9 684.07
0 10 459.75
0 11 436.06
0 12 34.75
0 13 691.71
0 14 71.54
0 15 446.03
0 16 572.47
0 17 893.57
0 18 520.10
0 19 935.09
0 20 896.00
0 21 296.51
0 22 987.35
0 23 364.93
0 24 891.58
0 25 862.22
0 26 548.01
0 27 866.03
0 28 321.18
0 29 159.11
0 30 972.62
0 31 686.30
0 32 727.65
0 33 436.68
0 34 145.69
0 35 883.55
0 36 894.81
0 37 673.71
0 38 992.35
0 39 414.63
0 40 443.90
0 41 601.78
0 42 716.06
0 43 440.71
0 44 475.37
0 45 258.32
0 46 81.34
0 47 681.06
0 48 426.98
0 49 19.16
0 50 499.95
0 51 733.89
0 52 235.95
0 53 52.46
0 54 941.99
0 55 138.90
0 56 400.00
0 57 392.31
0 58 586.76
0 59 403.47
0 60 405.27
0 61 454.02
0 62 659.23
0 63 994.43
0 64 33.93
0 65 139.40
0 66 457.62
0 67 456.75
0 68 365.09
0 69 783.28
0 70 623.04
0 71 452.41
0 72 539.61
0 73 86.09
0 74 643.98
0 75 940.37
0 76 361.73
0 77 531.21
0 78 838.13
0 79 391.86
0 80 905.19
0 81 305.24
0 82 80.93
0 83 521.51
0 84 532.71
0 85 667.16
0 86 863.67
0 87 267.48
0 88 217.26
0 89 439.78
0 90 845.54
0 91 174.87
0 92 257.91
0 93 538.91
0 94 611.10
0 95 874.90
0 96 186.39
0 97 359.56
0 98 754.96
0 99 71.42
1 2 600.75
1 3 903.75
1 4 102.34
1 5 89.57
1 6 55.70
1 7 395.89
1 8 652.68
1 9 769.63
1 10 85.34
1 11 13.76
1 12 756.57
1 13 12.76
1 14 14.03
1 15 788.66
1 16 313.91
1 17 555.24
1 18 488.50
1 19 586.65
1 20 256.03
1 21 607.82
1 22 867.33
1 23 366.07
1 24 241.99
1 25 719.09
1 26 580.70
1 27 145.86
1 28 672.52
1 29 557.01
1 30 360.36
1 31 165.61
1 32 347.61
1 33 171.69
1 34 53.57
1 35 450.95
1 36 796.12
1 37 663.35
1 38 42.64
1 39 362.15
1 40 572.84
1 41 798.84
1 42 701.97
1 43 345.14
1 44 634.42
1 45 846.47
1 46 511.33
1 47 281.33
1 48 689.46
1 49 868.59
1 50 956.76
1 51 918.24
1 52 353.33
1 53 78.06
1 54 920.48
1 55 280.42
1 56 34.92
1 57 142.90
1 58 370.57
1 59 284.86
1 60 288.17
1 61 657.42
1 62 481.87
1 63 571.06
1 64 271.79
1 65 444.86
1 66 255.41
1 67 999.61
1 68 809.88
1 69 752.39
1 70 811.75
1 71 912.09
1 72 463.72
1 73 580.35
1 74 304.04
1 75 217.04
1 76 702.01
1 77 997.10
1 78 818.81
1 79 783.17
1 80 250.50
1 81 480.44
1 82 657.59
1 83 829.62
1 84 351.01
1 85 614.89
1 86 764.58
1 87 963.12
1 88 380.81
1 89 343.22
1 90 142.28
1 91 845.94
1 92 22.92
1 93 99.17
1 94 865.32
1 95 7.58
1 96 331.24
1 97 805.05
1 98 531.14
1 99 151.07
2 3 829.75
2 4 531.24
2 5 57.47
2 6 844.19
2 7 817.32
2 8 328.45
2 9 343.25
2 10 211.95
2 11 308.00
2 12 508.31
2 13 862.07
2 14 261.39
2 15 769.58
2 16 540.95
2 17 768.40
2 18 603.57
2 19 699.88
2 20 572.11
2 21 113.74
2 22 196.26
2 23 11.82
2 24 220.98
2 25 386.24
2 26 124.12
2 27 445.45
2 28 885.65
2 29 385.98
2 30 488.54
2 31 766.85
2 32 409.36
2 33 54.76
2 34 276.00
2 35 824.58
2 36 553.74
2 37 437.25
2 38 435.06
2 39 901.23
2 40 498.66
2 41 628.24
2 42 842.91
2 43 185.02
2 44 299.00
2 45 791.08
2 46 262.76
2 47 775.90
2 48 391.07
2 49 670.21
2 50 21.39
2 51 612.28
2 52 911.85
2 53 384.37
2 54 24.11
2 55 296.27
2 56 171.92
2 57 196.22
2 58 86.48
2 59 1.00
2 60 198.48
2 61 739.96
2 62 698.34
2 63 935.01
2 64 367.94
2 65 954.13
2 66 463.27
2 67 765.22
2 68 582.07
2 69 470.00
2 70 711.26
2 71 266.44
2 72 324.30
2 73 139.68
2 74 585.35
2 75 643.32
2 76 271.04
2 77 934.55
2 78 103.17
2 79 164.94
2 80 837.73
2 81 300.58
2 82 296.71
2 83 650.78
2 84 276.68
2 85 235.67
2 86 210.17
2 87 399.24
2 88 717.39
2 89 6.47
2 90 253.21
2 91 741.68
2 92 264.23
2 93 425.17
2 94 561.25
2 95 28.11
2 96 548.52
2 97 535.98
2 98 515.45
2 99 664.12
3 4 131.13
3 5 26.16
3 6 291.44
3 7 186.53
3 8 92.77
3 9 493.67
3 10 421.30
3 11 708.28
3 12 7.73
3 13 323.68
3 14 218.64
3 15 680.17
3 16 267.43
3 17 461.82
3 18 787.01
3 19 589.99
3 20 71.11
3 21 994.83
3 22 172.01
3 23 239.34
3 24 879.72
3 25 814.31
3 26 651.54
3 27 47.20
3 28 621.39
3 29 80.10
3 30 543.01
3 31 65.05
3 32 866.23
3 33 805.69
3 34 123.19
3 35 114.07
3 36 438.35
3 37 407.31
3 38 673.83
3 39 623.78
3 40 856.99
3 41 215.41
3 42 70.70
3 43 800.97
3 44 698.36
3 45 571.71
3 46 51.73
3 47 81.43
3 48 874.70
3 49 694.93
3 50 612.42
3 51 812.42
3 52 584.15
3 53 967.48
3 54 689.87
3 55 499.07
3 56 915.18
3 57 44.23
3 58 300.61
3 59 565.10
3 60 116.68
3 61 28.92
3 62 234.24
3 63 556.50
3 64 457.86
3 65 790.33
3 66 541.29
3 67 210.93
3 68 332.19
3 69 535.32
3 70 65.72
3 71 605.42
3 72 930.57
3 73 732.39
3 74 993.15
3 75 980.89
3 76 121.39
3 77 720.95
3 78 279.73
3 79 217.03
3 80 427.00
3 81 353.36
3 82 261.33
3 83 447.23
3 84 663.16
3 85 219.61
3 86 646.09
3 87 257.78
3 88 114.79
3 89 388.60
3 90 81.89
3 91 147.02
3 92 406.65
3 93 537.39
3 94 232.45
3 95 642.27
3 96 533.14
3 97 58.50
3 98 772.96
3 99 893.11
4 5 953.88
4 6 708.99
4 7 109.83
4 8 744.99
4 9 723.27
4 10 40.79
4 11 77.05
4 12 902.64
4 13 831.57
4 14 385.46
4 15 959.36
4 16 692.66
4 17 876.19
4 18 747.93
4 19 427.25
4 20 424.67
4 21 863.19
4 22 544.67
4 23 93.95
4 24 766.95
4 25 125.88
4 26 334.03
4 27 746.27
4 28 111.88
4 29 458.83
4 30 729.53
4 31 347.75
4 32 819.34
4 33 701.15
4 34 363.94
4 35 132.20
4 36 490.08
4 37 954.27
4 38 409.60
4 39 621.69
4 40 546.58
4 41 653.69
4 42 475.26
4 43 273.84
4 44 4.53
4 45 41.84
4 46 344.07
4 47 286.30
4 48 608.74
4 49 408.18
4 50 628.40
4 51 727.06
4 52 892.72
4 53 471.17
4 54 541.16
4 55 297.83
4 56 829.39
4 57 899.31
4 58 316.77
4 59 483.85
4 60 318.58
4 61 681.52
4 62 764.87
4 63 97.74
4 64 589.92
4 65 592.00
4 66 110.29
4 67 939.71
4 68 281.85
4 69 703.48
4 70 729.79
4 71 424.53
4 72 121.19
4 73 656.21
4 74 819.57
4 75 433.75
4 76 918.69
4 77 603.29
4 78 610.15
4 79 948.95
4 80 407.70
4 81 798.18
4 82 55.13
4 83 352.90
4 84 830.81
4 85 244.61
4 86 657.91
4 87 279.44
4 88 89.17
4 89 192.49
4 90 554.18
4 91 556.71
4 92 956.92
4 93 875.77
4 94 911.49
4 95 705.48
4 96 734.50
4 97 867.51
4 98 889.47
4 99 697.64
5 6 523.98
5 7 800.57
5 8 536.68
5 9 216.68
5 10 964.05
5 11 335.66
5 12 516.07
5 13 141.61
5 14 913.92
5 15 637.20
5 16 740.02
5 17 177.15
5 18 575.07
5 19 918.27
5 20 122.04
5 21 973.90
5 22 691.14
5 23 498.28
5 24 926.30
5 25 714.03
5 26 792.38
5 27 635.74
5 28 429.45
5 29 637.76
5 30 952.12
5 31 375.81
5 32 123.79
5 33 57.11
5 34 957.49
5 35 829.52
5 36 880.13
5 37 812.83
5 38 746.30
5 39 963.20
5 40 447.17
5 41 486.08
5 42 132.99
5 43 53.95
5 44 265.12
5 45 533.60
5 46 456.86
5 47 62.80
5 48 844.23
5 49 136.32
5 50 147.66
5 51 223.51
5 52 45.15
5 53 63.94
5 54 884.77
5 55 230.58
5 56 718.91
5 57 539.59
5 58 88.06
5 59 919.71
5 60 413.47
5 61 439.48
5 62 462.20
5 63 895.14
5 64 803.91
5 65 413.86
5 66 23.71
5 67 82.09
5 68 907.54
5 69 249.39
5 70 788.55
5 71 578.88
5 72 487.56
5 73 885.15
5 74 807.72
5 75 828.54
5 76 54.84
5 77 995.92
5 78 149.19
5 79 764.31
5 80 552.54
5 81 186.85
5 82 978.40
5 83 54.80
5 84 793.23
5 85 240.02
5 86 335.21
5 87 135.52
5 88 968.56
5 89 667.00
5 90 151.19
5 91 644.93
5 92 159.43
5 93 846.89
5 94 472.71
5 95 645.78
5 96 861.51
5 97 165.07
5 98 623.16
5 99 589.56
6 7 866.83
6 8 751.44
6 9 581.29
6 10 449.86
6 11 670.61
6 12 384.50
6 13 265.84
6 14 339.31
6 15 74.28
6 16 797.64
6 17 203.00
6 18 197.79
6 19 240.70
6 20 275.89
6 21 478.13
6 22 955.74
6 23 760.29
6 24 431.86
6 25 591.34
6 26 19.31
6 27 632.54
6 28 648.38
6 29 445.15
6 30 684.88
6 31 140.50
6 32 368.95
6 33 826.75
6 34 561.99
6 35 514.46
6 36 349.48
6 37 446.80
6 38 719.93
6 39 693.77
6 40 743.15
6 41 331.70
6 42 339.96
6 43 326.77
6 44 770.46
6 45 962.08
6 46 856.30
6 47 271.49
6 48 353.87
6 49 943.83
6 50 852.97
6 51 70.11
6 52 891.73
6 53 644.28
6 54 938.12
6 55 400.48
6 56 902.48
6 57 589.08
6 58 495.10
6 59 957.76
6 60 655.27
6 61 741.57
6 62 269.30
6 63 284.97
6 64 245.69
6 65 201.78
6 66 673.89
6 67 380.46
6 68 703.35
6 69 509.07
6 70 36.34
6 71 231.19
6 72 628.48
6 73 531.66
6 74 476.64
6 75 868.52
6 76 355.45
6 77 172.12
6 78 528.04
6 79 317.55
6 80 185.37
6 81 272.09
6 82 815.84
6 83 426.71
6 84 258.83
6 85 925.69
6 86 386.24
6 87 821.99
6 88 931.40
6 89 819.98
6 90 181.58
6 91 791.03
6 92 633.84
6 93 206.74
6 94 504.43
6 95 685.70
6 96 789.69
6 97 157.48
6 98 934.16
6 99 136.22
7 8 90.04
7 9 865.96
7 10 851.96
7 11 788.37
7 12 339.74
7 13 687.77
7 14 780.37
7 15 92.23
7 16 837.72
7 17 328.99
7 18 966.13
7 19 899.11
7 20 574.29
7 21 937.55
7 22 320.70
7 23 472.58
7 24 616.82
7 25 810.24
7 26 352.22
7 27 698.06
7 28 728.42
7 29 364.86
7 30 569.15
7 31 330.93
7 32 23.59
7 33 467.66
7 34 842.34
7 35 892.55
7 36 301.19
7 37 759.70
7 38 100.61
7 39 82.68
7 40 854.89
7 41 96.97
7 42 319.78
7 43 683.59
7 44 983.73
7 45 636.23
7 46 187.85
7 47 459.40
7 48 406.25
7 49 997.85
7 50 778.86
7 51 516.12
7 52 151.90
7 53 38.70
7 54 48.68
7 55 763.67
7 56 880.87
7 57 292.33
7 58 679.61
7 59 452.50
7 60 505.73
7 61 588.28
7 62 203.40
7 63 984.17
7 64 369.01
7 65 86.94
7 66 246.36
7 67 495.15
7 68 890.81
7 69 563.78
7 70 569.57
7 71 956.24
7 72 96.16
7 73 942.98
7 74 57.47
7 75 910.42
7 76 508.18
7 77 963.95
7 78 251.65
7 79 195.04
7 80 482.12
7 81 603.75
7 82 829.15
7 83 272.47
7 84 916.48
7 85 699.52
7 86 690.95
7 87 886.94
7 88 900.87
7 89 201.76
7 90 218.92
7 91 318.33
7 92 760.18
7 93 413.03
7 94 748.60
7 95 96.60
7 96 384.75
7 97 810.44
7 98 135.91
7 99 307.43
8 9 719.16
8 10 707.47
8 11 5.69
8 12 170.21
8 13 373.23
8 14 712.21
8 15 134.74
8 16 822.64
8 17 379.83
8 18 634.56
8 19 546.90
8 20 12.27
8 21 344.51
8 22 349.12
8 23 246.39
8 24 576.71
8 25 460.13
8 26 98.67
8 27 258.30
8 28 163.16
8 29 508.96
8 30 552.41
8 31 77.48
8 32 208.49
8 33 773.97
8 34 614.88
8 35 60.13
8 36 947.16
8 37 220.29
8 38 633.18
8 39 455.21
8 40 710.63
8 41 109.10
8 42 622.09
8 43 563.97
8 44 652.17
8 45 586.13
8 46 245.11
8 47 199.85
8 48 174.87
8 49 934.45
8 50 413.67
8 51 516.50
8 52 13.77
8 53 884.37
8 54 967.62
8 55 10.26
8 56 52.28
8 57 778.46
8 58 844.39
8 59 384.99
8 60 55.23
8 61 280.38
8 62 779.84
8 63 850.83
8 64 954.64
8 65 546.84
8 66 117.65
8 67 984.02
8 68 286.08
8 69 704.55
8 70 244.37
8 71 558.39
8 72 99.41
8 73 810.14
8 74 634.99
8 75 57.19
8 76 869.03
8 77 968.21
8 78 474.96
8 79 780.40
8 80 331.99
8 81 334.19
8 82 979.44
8 83 613.94
8 84 764.95
8 85 306.55
8 86 354.69
8 87 681.94
8 88 976.50
8 89 105.46
8 90 807.07
8 91 841.36
8 92 696.21
8 93 10.92
8 94 271.08
8 95 552.80
8 96 22.49
8 97 649.28
8 98 100.54
8 99 460.84
9 10 1.36
9 11 653.09
9 12 636.37
9 13 748.90
9 14 982.34
9 15 617.78
9 16 200.53
9 17 663.52
9 18 219.77
9 19 864.83
9 20 80.87
9 21 91.97
9 22 824.07
9 23 611.79
9 24 600.13
9 25 808.72
9 26 539.17
9 27 244.67
9 28 94.65
9 29 350.81
9 30 570.85
9 31 130.81
9 32 945.77
9 33 15.58
9 34 478.95
9 35 288.68
9 36 843.65
9 37 495.96
9 38 585.08
9 39 838.87
9 40 286.46
9 41 692.44
9 42 738.76
9 43 19.40
9 44 227.90
9 45 558.34
9 46 265.10
9 47 284.00
9 48 989.43
9 49 292.33
9 50 322.79
9 51 746.42
9 52 973.40
9 53 483.20
9 54 104.11
9 55 806.21
9 56 114.28
9 57 678.63
9 58 496.77
9 59 982.42
9 60 373.35
9 61 688.51
9 62 611.42
9 63 899.61
9 64 701.05
9 65 148.68
9 66 792.38
9 67 549.93
9 68 84.03
9 69 529.53
9 70 874.25
9 71 630.34
9 72 735.06
9 73 927.67
9 74 348.18
9 75 851.90
9 76 896.82
9 77 19.09
9 78 268.40
9 79 478.38
9 80 633.48
9 81 709.59
9 82 231.57
9 83 561.25
9 84 500.74
9 85 392.81
9 86 880.34
9 87 748.15
9 88 277.52
9 89 440.98
9 90 580.40
9 91 251.22
9 92 387.40
9 93 284.99
9 94 72.50
9 95 512.06
9 96 438.21
9 97 414.62
9 98 99.52
9 99 646.30
10 11 923.17
10 12 599.99
10 13 183.83
10 14 204.61
10 15 150.75
10 16 285.74
10 17 448.55
10 18 543.69
10 19 314.70
10 20 104.21
10 21 187.29
10 22 343.04
10 23 401.54
10 24 71.96
10 25 888.37
10 26 53.94
10 27 47.45
10 28 297.54
10 29 445.85
10 30 859.60
10 31 57.84
10 32 844.23
10 33 891.48
10 34 629.81
10 35 32.77
10 36 726.13
10 37 255.26
10 38 328.01
10 39 655.42
10 40 534.07
10 41 451.74
10 42 21.30
10 43 41.92
10 44 403.29
10 45 797.29
10 46 498.70
10 47 109.24
10 48 30.03
10 49 747.86
10 50 725.94
10 51 733.20
10 52 793.59
10 53 96.23
10 54 930.40
10 55 460.25
10 56 647.41
10 57 100.73
10 58 382.49
10 59 536.77
10 60 254.86
10 61 97.25
10 62 478.37
10 63 37.79
10 64 758.48
10 65 53.52
10 66 749.14
10 67 440.19
10 68 756.80
10 69 27.77
10 70 668.87
10 71 559.22
10 72 919.79
10 73 817.66
10 74 516.17
10 75 869.83
10 76 602.25
10 77 923.97
10 78 702.14
10 79 348.59
10 80 977.46
10 81 793.78
10 82 573.02
10 83 394.22
10 84 165.41
10 85 713.21
10 86 371.42
10 87 315.80
10 88 464.02
10 89 451.49
10 90 150.90
10 91 859.66
10 92 74.91
10 93 746.70
10 94 536.20
10 95 880.13
10 96 982.30
10 97 621.40
10 98 420.81
10 99 566.72
11 12 619.40
11 13 809.26
11 14 961.11
11 15 84.71
11 16 750.93
11 17 175.78
11 18 293.40
11 19 436.05
11 20 857.00
11 21 276.79
11 22 549.28
11 23 381.92
11 24 459.39
11 25 152.84
11 26 834.53
11 27 814.74
11 28 581.34
11 29 898.94
11 30 668.89
11 31 339.43
11 32 324.20
11 33 657.06
11 34 637.38
11 35 256.39
11 36 386.48
11 37 413.97
11 38 427.83
11 39 697.34
11 40 569.57
11 41 366.47
11 42 844.37
11 43 574.65
11 44 860.19
11 45 38.61
11 46 723.35
11 47 666.00
11 48 477.88
11 49 818.09
11 50 643.20
11 51 736.09
11 52 205.66
11 53 208.00
11 54 643.95
11 55 684.22
11 56 878.19
11 57 651.09
11 58 173.98
11 59 485.38
11 60 998.39
11 61 597.11
11 62 345.23
11 63 269.05
11 64 680.62
11 65 28.41
11 66 924.57
11 67 370.29
11 68 80.88
11 69 758.04
11 70 210.13
11 71 628.48
11 72 777.69
11 73 532.23
11 74 791.00
11 75 266.30
11 76 753.17
11 77 314.35
11 78 972.35
11 79 99.81
11 80 685.53
11 81 903.14
11 82 799.29
11 83 891.57
11 84 666.01
11 85 306.89
11 86 178.21
11 87 572.33
11 88 390.51
11 89 683.32
11 90 504.35
11 91 788.37
11 92 520.94
11 93 297.46
11 94 60.45
11 95 976.06
11 96 334.68
11 97 862.52
11 98 997.31
11 99 684.01
12 13 454.05
12 14 397.38
12 15 478.89
12 16 356.83
12 17 14.59
12 18 660.72
12 19 778.55
12 20 979.99
12 21 507.74
12 22 706.74
12 23 719.12
12 24 774.60
12 25 649.15
12 26 159.82
12 27 46.86
12 28 133.63
12 29 209.12
12 30 737.90
12 31 890.20
12 32 756.35
12 33 834.18
12 34 149.36
12 35 108.90
12 36 308.71
12 37 42.78
12 38 151.57
12 39 675.08
12 40 547.50
12 41 214.51
12 42 714.91
12 43 100.18
12 44 795.49
12 45 123.87
12 46 391.04
12 47 197.37
12 48 346.76
12 49 783.65
12 50 676.59
12 51 348.85
12 52 456.69
12 53 695.59
12 54 833.47
12 55 563.33
12 56 622.51
12 57 898.75
12 58 397.93
12 59 171.33
12 60 955.12
12 61 732.66
12 62 392.05
12 63 742.25
12 64 769.10
12 65 108.38
12 66 923.24
12 67 426.89
12 68 681.48
12 69 288.77
12 70 722.62
12 71 993.03
12 72 142.72
12 73 898.20
12 74 817.03
12 75 762.01
12 76 965.46
12 77 73.23
12 78 155.87
12 79 264.69
12 80 140.28
12 81 543.26
12 82 315.05
12 83 332.93
12 84 678.32
12 85 305.74
12 86 890.46
12 87 178.58
12 88 251.98
12 89 942.99
12 90 667.00
12 91 82.41
12 92 895.94
12 93 810.64
12 94 411.66
12 95 969.79
12 96 90.92
12 97 222.14
12 98 415.66
12 99 639.77
13 14 690.00
13 15 192.05
13 16 651.69
13 17 91.21
13 18 13.48
13 19 347.04
13 20 121.64
13 21 351.46
13 22 699.61
13 23 152.33
13 24 213.99
13 25 157.05
13 26 173.79
13 27 62.61
13 28 512.81
13 29 372.54
13 30 827.14
13 31 128.59
13 32 355.73
13 33 926.71
13 34 336.07
13 35 463.79
13 36 549.55
13 37 65.28
13 38 453.64
13 39 199.75
13 40 655.24
13 41 148.55
13 42 60.54
13 43 659.94
13 44 622.14
13 45 982.78
13 46 36.83
13 47 840.04
13 48 659.26
13 49 858.43
13 50 242.67
13 51 236.48
13 52 943.64
13 53 756.37
13 54 279.02
13 55 668.37
13 56 825.64
13 57 423.57
13 58 416.23
13 59 816.63
13 60 471.08
13 61 555.30
13 62 842.82
13 63 827.92
13 64 399.81
13 65 921.64
13 66 360.07
13 67 477.62
13 68 750.56
13 69 637.10
13 70 813.76
13 71 75.24
13 72 381.53
13 73 217.48
13 74 229.48
13 75 775.55
13 76 49.63
13 77 435.52
13 78 912.85
13 79 921.14
13 80 282.41
13 81 909.95
13 82 102.81
13 83 282.63
13 84 326.27
13 85 958.99
13 86 641.32
13 87 949.72
13 88 137.58
13 89 886.36
13 90 961.32
13 91 136.07
13 92 16.41
13 93 62.62
13 94 412.08
13 95 190.11
13 96 454.47
13 97 357.69
13 98 700.67
13 99 252.63
14 15 479.11
14 16 198.85
14 17 689.75
14 18 460.27
14 19 706.11
14 20 204.93
14 21 89.45
14 22 544.02
14 23 856.82
14 24 460.19
14 25 953.23
14 26 737.34
14 27 478.17
14 28 574.35
14 29 407.93
14 30 389.80
14 31 870.65
14 32 878.72
14 33 997.43
14 34 400.72
14 35 32.29
14 36 407.36
14 37 300.02
14 38 117.20
14 39 833.34
14 40 417.31
14 41 511.90
14 42 521.25
14 43 44.77
14 44 155.45
14 45 969.33
14 46 185.11
14 47 804.62
14 48 979.62
14 49 561.66
14 50 840.15
14 51 727.61
14 52 450.27
14 53 803.01
14 54 993.79
14 55 25.06
14 56 239.90
14 57 838.92
14 58 566.26
14 59 510.28
14 60 231.07
14 61 320.65
14 62 706.87
14 63 190.74
14 64 483.61
14 65 584.39
14 66 428.17
14 67 596.86
14 68 227.03
14 69 789.31
14 70 373.65
14 71 278.77
14 72 565.59
14 73 302.71
14 74 597.92
14 75 864.00
14 76 924.50
14 77 616.79
14 78 917.18
14 79 971.86
14 80 167.51
14 81 366.01
14 82 713.80
14 83 843.20
14 84 970.62
14 85 652.42
14 86 737.64
14 87 863.96
14 88 583.21
14 89 910.85
14 90 977.77
14 91 942.79
14 92 274.20
14 93 17.56
14 94 807.13
14 95 278.13
14 96 691.97
14 97 847.61
14 98 594.00
14 99 72.30
15 16 46.58
15 17 847.47
15 18 289.18
15 19 438.66
15 20 856.17
15 21 27.35
15 22 586.04
15 23 873.04
15 24 853.86
15 25 235.36
15 26 266.30
15 27 405.11
15 28 957.08
15 29 809.32
15 30 471.25
15 31 929.18
15 32 280.97
15 33 176.51
15 34 631.44
15 35 370.34
15 36 340.49
15 37 713.23
15 38 108.44
15 39 912.59
15 40 67.29
15 41 914.78
15 42 62.45
15 43 513.76
15 44 278.56
15 45 682.91
15 46 573.72
15 47 164.54
15 48 790.61
15 49 274.60
15 50 250.69
15 51 375.34
15 52 159.48
15 53 652.51
15 54 556.03
15 55 706.93
15 56 596.48
15 57 424.89
15 58 4.46
15 59 204.74
15 60 885.00
15 61 476.53
15 62 542.08
15 63 25.57
15 64 434.60
15 65 527.89
15 66 535.81
15 67 953.02
15 68 818.55
15 69 890.04
15 70 717.46
15 71 497.49
15 72 400.33
15 73 630.61
15 74 265.75
15 75 817.75
15 76 977.55
15 77 605.29
15 78 177.28
15 79 683.07
15 80 950.25
15 81 467.89
15 82 93.48
15 83 417.00
15 84 203.85
15 85 122.02
15 86 13.44
15 87 787.75
15 88 244.99
15 89 224.93
15 90 673.67
15 91 616.45
15 92 8.72
15 93 300.06
15 94 243.04
15 95 297.34
15 96 42.44
15 97 411.68
15 98 35.43
15 99 382.16
16 17 936.17
16 18 594.78
16 19 774.79
16 20 89.96
16 21 934.22
16 22 780.85
16 23 443.81
16 24 232.59
16 25 290.03
16 26 465.42
16 27 806.08
16 28 111.07
16 29 867.72
16 30 285.09
16 31 833.22
16 32 912.12
16 33 808.29
16 34 208.66
16 35 886.95
16 36 234.73
16 37 966.16
16 38 305.08
16 39 739.75
16 40 50.10
16 41 639.73
16 42 806.64
16 43 869.12
16 44 85.55
16 45 679.58
16 46 809.00
16 47 903.98
16 48 2.14
16 49 27.31
16 50 629.51
16 51 511.75
16 52 172.24
16 53 788.82
16 54 455.94
16 55 190.62
16 56 478.55
16 57 194.10
16 58 381.07
16 59 532.52
16 60 823.47
16 61 367.31
16 62 670.32
16 63 924.77
16 64 769.17
16 65 341.28
16 66 773.67
16 67 957.65
16 68 48.27
16 69 100.17
16 70 280.35
16 71 790.88
16 72 686.01
16 73 206.98
16 74 917.44
16 75 631.51
16 76 122.66
16 77 550.99
16 78 181.60
16 79 294.92
16 80 598.71
16 81 258.30
16 82 887.57
16 83 111.36
16 84 488.55
16 85 703.42
16 86 589.29
16 87 348.01
16 88 324.55
16 89 479.07
16 90 593.16
16 91 786.59
16 92 315.62
16 93 840.99
16 94 474.66
16 95 606.67
16 96 409.75
16 97 560.33
16 98 558.89
16 99 445.47
17 18 888.79
17 19 340.48
17 20 665.93
17 21 10.89
17 22 744.64
17 23 49.73
17 24 637.18
17 25 97.56
17 26 833.43
17 27 922.38
17 28 191.61
17 29 36.30
17 30 933.45
17 31 186.22
17 32 952.14
17 33 453.33
17 34 575.63
17 35 531.07
17 36 112.10
17 37 881.92
17 38 725.70
17 39 129.16
17 40 532.43
17 41 939.84
17 42 871.04
17 43 480.22
17 44 954.52
17 45 791.64
17 46 248.83
17 47 289.18
17 48 236.17
17 49 658.05
17 50 690.99
17 51 122.79
17 52 91.52
17 53 888.38
17 54 718.87
17 55 696.02
17 56 933.85
17 57 516.32
17 58 575.23
17 59 768.53
17 60 232.59
17 61 233.77
17 62 45.97
17 63 515.45
17 64 310.46
17 65 19.43
17 66 829.38
17 67 482.80
17 68 627.94
17 69 488.97
17 70 670.47
17 71 245.15
17 72 81.09
17 73 223.84
17 74 574.15
17 75 762.52
17 76 468.46
17 77 428.18
17 78 18.07
17 79 152.58
17 80 326.71
17 81 789.61
17 82 531.27
17 83 411.51
17 84 43.41
17 85 622.58
17 86 228.58
17 87 255.31
17 88 627.14
17 89 933.04
17 90 919.44
17 91 782.42
17 92 343.05
17 93 203.83
17 94 428.34
17 95 365.89
17 96 341.50
17 97 669.47
17 98 851.07
17 99 438.75
18 19 225.95
18 20 814.53
18 21 143.29
18 22 628.60
18 23 61.86
18 24 929.32
18 25 570.07
18 26 908.86
18 27 372.43
18 28 731.69
18 29 321.31
18 30 133.79
18 31 785.51
18 32 909.83
18 33 402.72
18 34 357.39
18 35 993.38
18 36 314.16
18 37 247.65
18 38 251.83
18 39 903.15
18 40 875.65
18 41 402.14
18 42 982.76
18 43 203.26
18 44 378.63
18 45 880.45
18 46 783.20
18 47 272.39
18 48 749.74
18 49 541.90
18 50 611.57
18 51 474.63
18 52 399.30
18 53 890.26
18 54 664.06
18 55 772.57
18 56 749.77
18 57 270.27
18 58 803.75
18 59 138.03
18 60 944.89
18 61 291.82
18 62 973.37
18 63 791.40
18 64 91.82
18 65 971.12
18 66 822.69
18 67 973.71
18 68 206.26
18 69 549.93
18 70 314.13
18 71 742.02
18 72 18.99
18 73 500.25
18 74 110.55
18 75 846.19
18 76 620.64
18 77 504.84
18 78 620.42
18 79 615.02
18 80 447.94
18 81 88.63
18 82 205.40
18 83 855.70
18 84 973.30
18 85 387.89
18 86 702.54
18 87 672.13
18 88 776.03
18 89 961.70
18 90 457.10
18 91 307.54
18 92 102.79
18 93 972.35
18 94 785.46
18 95 733.94
18 96 615.76
18 97 900.05
18 98 532.87
18 99 294.95
19 20 323.40
19 21 881.63
19 22 454.32
19 23 271.67
19 24 685.17
19 25 433.50
19 26 639.62
19 27 544.16
19 28 439.56
19 29 632.19
19 30 833.82
19 31 758.56
19 32 882.80
19 33 398.15
19 34 599.29
19 35 164.38
19 36 13.39
19 37 571.22
19 38 622.32
19 39 644.87
19 40 37.69
19 41 289.20
19 42 939.62
19 43 564.99
19 44 754.94
19 45 828.05
19 46 754.90
19 47 65.57
19 48 91.19
19 49 148.47
19 50 806.12
19 51 829.47
19 52 722.59
19 53 842.76
19 54 175.47
19 55 661.92
19 56 339.77
19 57 937.42
19 58 571.56
19 59 698.67
19 60 230.41
19 61 917.86
19 62 958.93
19 63 168.55
19 64 684.84
19 65 92.34
19 66 193.86
19 67 812.90
19 68 397.17
19 69 956.48
19 70 607.22
19 71 157.70
19 72 769.54
19 73 444.59
19 74 763.49
19 75 157.07
19 76 797.73
19 77 180.69
19 78 270.78
19 79 523.82
19 80 769.27
19 81 970.27
19 82 674.59
19 83 492.54
19 84 429.86
19 85 703.06
19 86 163.00
19 87 631.45
19 88 39.53
19 89 609.88
19 90 738.02
19 91 44.83
19 92 897.19
19 93 199.74
19 94 328.79
19 95 781.16
19 96 337.55
19 97 269.59
19 98 821.77
19 99 679.94
20 21 788.37
20 22 867.96
20 23 110.63
20 24 442.08
20 25 159.02
20 26 735.07
20 27 409.01
20 28 480.05
20 29 578.52
20 30 30.82
20 31 541.95
20 32 346.49
20 33 980.99
20 34 140.48
20 35 975.38
20 36 272.06
20 37 119.28
20 38 592.15
20 39 806.05
20 40 624.42
20 41 168.67
20 42 704.83
20 43 578.38
20 44 314.78
20 45 708.36
20 46 433.98
20 47 394.92
20 48 465.04
20 49 443.66
20 50 372.53
20 51 990.96
20 52 952.00
20 53 183.60
20 54 993.13
20 55 103.68
20 56 118.92
20 57 889.95
20 58 119.02
20 59 537.14
20 60 787.08
20 61 555.15
20 62 798.58
20 63 977.78
20 64 984.54
20 65 739.36
20 66 78.32
20 67 476.89
20 68 935.38
20 69 883.96
20 70 145.74
20 71 637.95
20 72 924.21
20 73 749.47
20 74 386.12
20 75 433.17
20 76 229.29
20 77 817.49
20 78 475.79
20 79 967.18
20 80 669.86
20 81 516.90
20 82 335.61
20 83 779.61
20 84 239.75
20 85 740.84
20 86 697.68
20 87 448.38
20 88 365.67
20 89 185.88
20 90 310.45
20 91 660.92
20 92 715.79
20 93 83.49
20 94 6.30
20 95 1.79
20 96 362.83
20 97 403.49
20 98 251.98
20 99 352.13
21 22 466.06
21 23 688.75
21 24 270.69
21 25 366.90
21 26 942.57
21 27 620.26
21 28 736.65
21 29 278.90
21 30 197.11
21 31 258.28
21 32 593.02
21 33 922.05
21 34 639.61
21 35 925.90
21 36 21.90
21 37 50.58
21 38 295.65
21 39 851.82
21 40 207.79
21 41 629.45
21 42 543.39
21 43 504.15
21 44 573.06
21 45 924.65
21 46 509.76
21 47 876.66
21 48 232.09
21 49 983.32
21 50 640.94
21 51 13.05
21 52 958.55
21 53 731.17
21 54 633.90
21 55 425.73
21 56 894.90
21 57 153.17
21 58 976.76
21 59 891.01
21 60 309.15
21 61 35.28
21 62 913.93
21 63 890.14
21 64 333.41
21 65 14.70
21 66 852.40
21 67 188.09
21 68 932.40
21 69 310.81
21 70 556.32
21 71 586.07
21 72 760.53
21 73 321.94
21 74 586.95
21 75 35.34
21 76 434.79
21 77 916.91
21 78 618.57
21 79 438.82
21 80 18.96
21 81 247.99
21 82 511.08
21 83 66.22
21 84 837.83
21 85 241.41
21 86 474.17
21 87 573.68
21 88 720.10
21 89 570.76
21 90 434.92
21 91 632.43
21 92 534.12
21 93 790.94
21 94 43.78
21 95 570.21
21 96 452.15
21 97 15.72
21 98 448.97
21 99 874.41
22 23 136.37
22 24 292.35
22 25 36.52
22 26 164.64
22 27 538.97
22 28 371.19
22 29 454.65
22 30 446.77
22 31 634.11
22 32 154.42
22 33 868.25
22 34 158.11
22 35 404.37
22 36 708.34
22 37 56.78
22 38 975.64
22 39 34.44
22 40 459.84
22 41 743.60
22 42 403.41
22 43 98.14
22 44 375.73
22 45 811.16
22 46 587.09
22 47 336.34
22 48 25.82
22 49 202.60
22 50 813.13
22 51 149.25
22 52 105.03
22 53 298.02
22 54 969.91
22 55 460.69
22 56 800.70
22 57 962.78
22 58 871.13
22 59 660.30
22 60 64.87
22 61 303.72
22 62 902.65
22 63 382.94
22 64 258.49
22 65 940.10
22 66 422.47
22 67 300.68
22 68 65.19
22 69 659.91
22 70 653.86
22 71 647.21
22 72 851.87
22 73 218.12
22 74 544.65
22 75 669.96
22 76 558.92
22 77 148.87
22 78 779.52
22 79 565.99
22 80 926.40
22 81 439.61
22 82 970.77
22 83 340.17
22 84 666.21
22 85 922.51
22 86 208.00
22 87 35.34
22 88 345.69
22 89 654.40
22 90 485.24
22 91 256.80
22 92 642.67
22 93 339.92
22 94 175.49
22 95 541.10
22 96 897.50
22 97 132.93
22 98 351.53
22 99 628.54
23 24 614.83
23 25 10.31
23 26 100.95
23 27 476.83
23 28 666.55
23 29 961.53
23 30 876.35
23 31 262.30
23 32 159.78
23 33 646.57
23 34 469.98
23 35 187.99
23 36 53.88
23 37 73.13
23 38 341.91
23 39 239.91
23 40 532.23
23 41 518.73
23 42 221.11
23 43 431.64
23 44 393.95
23 45 361.02
23 46 245.75
23 47 126.92
23 48 276.76
23 49 527.85
23 50 992.98
23 51 921.24
23 52 76.62
23 53 669.06
23 54 589.54
23 55 717.64
23 56 654.96
23 57 271.08
23 58 654.79
23 59 432.87
23 60 830.00
23 61 3.96
23 62 841.46
23 63 27.56
23 64 449.31
23 65 941.56
23 66 32.75
23 67 521.18
23 68 529.49
23 69 222.10
23 70 657.37
23 71 331.71
23 72 916.11
23 73 131.21
23 74 790.69
23 75 275.17
23 76 83.33
23 77 576.87
23 78 153.45
23 79 39.56
23 80 694.40
23 81 900.43
23 82 418.07
23 83 647.99
23 84 695.32
23 85 225.06
23 86 176.01
23 87 723.71
23 88 959.33
23 89 230.88
23 90 207.80
23 91 187.72
23 92 54.07
23 93 196.58
23 94 555.36
23 95 468.38
23 96 197.96
23 97 677.67
23 98 200.79
23 99 518.43
24 25 90.85
24 26 79.09
24 27 309.89
24 28 837.76
24 29 542.82
24 30 167.32
24 31 101.16
24 32 110.34
24 33 181.67
24 34 831.80
24 35 263.11
24 36 956.28
24 37 898.39
24 38 339.05
24 39 244.74
24 40 121.16
24 41 402.32
24 42 512.70
24 43 592.34
24 44 130.92
24 45 381.29
24 46 269.82
24 47 459.94
24 48 707.16
24 49 670.54
24 50 920.64
24 51 779.84
24 52 73.11
24 53 461.99
24 54 476.95
24 55 495.07
24 56 331.07
24 57 451.60
24 58 396.77
24 59 183.35
24 60 863.93
24 61 693.97
24 62 985.22
24 63 705.93
24 64 875.18
24 65 543.96
24 66 137.89
24 67 622.85
24 68 818.86
24 69 116.53
24 70 29.65
24 71 881.13
24 72 586.55
24 73 584.79
24 74 540.93
24 75 880.63
24 76 642.35
24 77 833.59
24 78 107.17
24 79 592.38
24 80 828.17
24 81 884.71
24 82 271.96
24 83 231.56
24 84 489.32
24 85 927.36
24 86 148.74
24 87 62.18
24 88 464.05
24 89 340.94
24 90 978.06
24 91 703.94
24 92 571.52
24 93 105.30
24 94 156.53
24 95 619.59
24 96 462.05
24 97 356.12
24 98 728.31
24 99 504.23
25 26 192.05
25 27 489.26
25 28 691.72
25 29 327.75
25 30 124.93
25 31 10.02
25 32 250.24
25 33 603.39
25 34 859.62
25 35 806.85
25 36 248.73
25 37 926.24
25 38 959.17
25 39 430.89
25 40 308.08
25 41 473.25
25 42 396.92
25 43 692.97
25 44 479.66
25 45 534.40
25 46 545.68
25 47 442.04
25 48 991.40
25 49 820.25
25 50 358.22
25 51 61.10
25 52 659.07
25 53 4.00
25 54 228.69
25 55 547.98
25 56 339.33
25 57 105.43
25 58 98.27
25 59 808.66
25 60 592.20
25 61 42.21
25 62 843.08
25 63 601.06
25 64 713.61
25 65 562.17
25 66 637.81
25 67 804.36
25 68 197.08
25 69 270.99
25 70 828.32
25 71 867.04
25 72 169.64
25 73 320.76
25 74 354.08
25 75 599.22
25 76 983.51
25 77 123.81
25 78 939.18
25 79 212.25
25 80 761.71
25 81 728.64
25 82 454.31
25 83 559.16
25 84 54.02
25 85 101.14
25 86 16.02
25 87 648.67
25 88 596.10
25 89 926.74
25 90 936.78
25 91 114.04
25 92 819.35
25 93 356.05
25 94 972.71
25 95 794.39
25 96 710.73
25 97 739.24
25 98 481.89
25 99 11.88
26 27 243.13
26 28 207.28
26 29 951.90
26 30 606.59
26 31 793.40
26 32 796.31
26 33 948.42
26 34 176.63
26 35 407.20
26 36 986.19
26 37 30.13
26 38 448.44
26 39 212.28
26 40 897.30
26 41 650.23
26 42 372.74
26 43 222.55
26 44 363.39
26 45 644.75
26 46 483.60
26 47 868.81
26 48 401.06
26 49 171.06
26 50 354.82
26 51 225.08
26 52 85.72
26 53 296.06
26 54 267.99
26 55 806.34
26 56 360.84
26 57 187.43
26 58 350.16
26 59 271.29
26 60 214.22
26 61 394.61
26 62 914.76
26 63 784.11
26 64 242.01
26 65 802.22
26 66 85.65
26 67 269.04
26 68 714.98
26 69 392.52
26 70 673.40
26 71 79.20
26 72 155.47
26 73 234.31
26 74 898.95
26 75 508.51
26 76 676.71
26 77 366.63
26 78 746.41
26 79 568.17
26 80 319.72
26 81 700.06
26 82 883.51
26 83 808.95
26 84 834.05
26 85 281.81
26 86 902.10
26 87 251.78
26 88 430.46
26 89 254.66
26 90 348.33
26 91 540.05
26 92 861.46
26 93 194.49
26 94 757.11
26 95 539.91
26 96 555.79
26 97 135.50
26 98 932.83
26 99 719.36
27 28 131.62
27 29 536.02
27 30 326.13
27 31 881.23
27 32 511.83
27 33 459.52
27 34 281.34
27 35 72.85
27 36 276.37
27 37 300.52
27 38 951.34
27 39 959.63
27 40 780.64
27 41 946.67
27 42 594.41
27 43 38.84
27 44 704.77
27 45 953.45
27 46 560.45
27 47 717.82
27 48 89.79
27 49 958.80
27 50 988.98
27 51 815.61
27 52 436.61
27 53 15.02
27 54 920.61
27 55 372.89
27 56 524.52
27 57 660.69
27 58 211.96
27 59 642.32
27 60 829.90
27 61 712.74
27 62 327.17
27 63 211.71
27 64 822.49
27 65 800.80
27 66 916.34
27 67 341.25
27 68 56.47
27 69 309.37
27 70 793.41
27 71 463.80
27 72 696.16
27 73 129.66
27 74 460.11
27 75 492.50
27 76 280.05
27 77 286.45
27 78 615.22
27 79 426.49
27 80 889.43
27 81 902.03
27 82 688.03
27 83 165.67
27 84 488.04
27 85 153.37
27 86 417.71
27 87 971.93
27 88 657.15
27 89 522.26
27 90 987.24
27 91 994.45
27 92 116.44
27 93 953.48
27 94 289.34
27 95 423.11
27 96 754.73
27 97 387.11
27 98 970.71
27 99 714.42
28 29 354.29
28 30 990.62
28 31 673.03
28 32 947.58
28 33 712.21
28 34 294.54
28 35 524.78
28 36 54.39
28 37 50.99
28 38 368.45
28 39 122.36
28 40 313.90
28 41 740.81
28 42 40.47
28 43 707.34
28 44 862.86
28 45 804.73
28 46 827.19
28 47 996.71
28 48 364.00
28 49 944.72
28 50 425.68
28 51 294.55
28 52 305.22
28 53 573.04
28 54 368.53
28 55 553.44
28 56 422.62
28 57 5.68
28 58 165.08
28 59 211.51
28 60 173.69
28 61 254.55
28 62 892.33
28 63 34.51
28 64 719.48
28 65 147.24
28 66 60.81
28 67 969.01
28 68 423.54
28 69 606.89
28 70 288.82
28 71 890.20
28 72 490.20
28 73 611.31
28 74 615.20
28 75 690.11
28 76 553.41
28 77 234.23
28 78 353.52
28 79 804.96
28 80 595.59
28 81 624.17
28 82 96.37
28 83 399.23
28 84 648.47
28 85 10.30
28 86 471.00
28 87 821.93
28 88 557.57
28 89 131.20
28 90 827.57
28 91 620.97
28 92 508.20
28 93 815.26
28 94 526.80
28 95 700.87
28 96 293.00
28 97 765.57
28 98 40.13
28 99 976.42
29 30 411.49
29 31 584.64
29 32 785.79
29 33 935.57
29 34 171.17
29 35 539.08
29 36 834.62
29 37 230.67
29 38 464.95
29 39 58.61
29 40 106.07
29 41 903.60
29 42 642.98
29 43 324.83
29 44 890.92
29 45 743.97
29 46 191.74
29 47 945.35
29 48 266.07
29 49 62.35
29 50 570.18
29 51 193.81
29 52 377.32
29 53 769.97
29 54 357.63
29 55 144.14
29 56 214.42
29 57 252.41
29 58 583.07
29 59 962.41
29 60 353.95
29 61 532.52
29 62 968.26
29 63 381.24
29 64 854.57
29 65 27.31
29 66 846.87
29 67 203.66
29 68 346.85
29 69 902.09
29 70 346.55
29 71 176.44
29 72 213.23
29 73 731.96
29 74 714.48
29 75 269.22
29 76 835.72
29 77 313.79
29 78 371.11
29 79 695.48
29 80 522.81
29 81 566.90
29 82 815.92
29 83 798.32
29 84 708.85
29 85 731.02
29 86 972.96
29 87 347.50
29 88 867.69
29 89 988.40
29 90 318.60
29 91 251.58
29 92 507.03
29 93 848.48
29 94 471.78
29 95 150.61
29 96 12.24
29 97 341.65
29 98 80.80
29 99 794.35
30 31 136.54
30 32 967.50
30 33 828.23
30 34 313.31
30 35 143.25
30 36 261.31
30 37 139.11
30 38 748.35
30 39 860.87
30 40 919.88
30 41 814.89
30 42 920.58
30 43 991.39
30 44 169.10
30 45 484.24
30 46 874.60
30 47 896.84
30 48 139.75
30 49 513.45
30 50 370.82
30 51 115.51
30 52 305.12
30 53 25.42
30 54 776.39
30 55 400.40
30 56 244.90
30 57 417.21
30 58 639.23
30 59 190.68
30 60 116.06
30 61 2.16
30 62 481.33
30 63 280.35
30 64 846.13
30 65 228.75
30 66 42.11
30 67 343.49
30 68 698.64
30 69 254.74
30 70 610.55
30 71 475.95
30 72 49.44
30 73 383.47
30 74 302.53
30 75 705.90
30 76 791.68
30 77 323.03
30 78 922.66
30 79 603.54
30 80 17.23
30 81 288.81
30 82 777.82
30 83 370.50
30 84 90.97
30 85 524.10
30 86 748.76
30 87 445.18
30 88 512.15
30 89 173.49
30 90 294.66
30 91 547.91
30 92 861.39
30 93 937.81
30 94 385.71
30 95 689.73
30 96 395.76
30 97 600.62
30 98 773.65
30 99 808.27
31 32 271.55
31 33 495.23
31 34 867.92
31 35 534.13
31 36 6.43
31 37 736.80
31 38 538.96
31 39 665.95
31 40 4.18
31 41 203.97
31 42 929.58
31 43 359.06
31 44 129.31
31 45 715.14
31 46 818.08
31 47 198.25
31 48 676.81
31 49 979.75
31 50 540.07
31 51 1.54
31 52 236.67
31 53 842.83
31 54 932.69
31 55 491.09
31 56 226.23
31 57 383.54
31 58 706.31
31 59 195.19
31 60 970.63
31 61 918.27
31 62 144.45
31 63 61.08
31 64 766.21
31 65 49.35
31 66 123.34
31 67 717.63
31 68 503.49
31 69 955.41
31 70 896.21
31 71 529.52
31 72 433.81
31 73 268.57
31 74 948.18
31 75 934.62
31 76 39.43
31 77 750.15
31 78 197.63
31 79 349.21
31 80 426.60
31 81 794.06
31 82 690.04
31 83 332.48
31 84 300.93
31 85 523.04
31 86 550.32
31 87 602.82
31 88 279.20
31 89 181.84
31 90 792.13
31 91 142.07
31 92 57.34
31 93 349.50
31 94 342.75
31 95 107.04
31 96 198.91
31 97 638.95
31 98 889.35
31 99 419.35
32 33 8.31
32 34 909.37
32 35 989.50
32 36 227.97
32 37 591.71
32 38 773.54
32 39 934.00
32 40 272.98
32 41 15.03
32 42 476.16
32 43 1.59
32 44 8.08
32 45 436.49
32 46 575.06
32 47 851.45
32 48 320.68
32 49 528.00
32 50 600.59
32 51 460.42
32 52 326.98
32 53 500.32
32 54 20.26
32 55 40.32
32 56 406.66
32 57 598.04
32 58 793.44
32 59 73.61
32 60 82.68
32 61 213.06
32 62 855.51
32 63 600.75
32 64 555.85
32 65 217.48
32 66 531.85
32 67 886.64
32 68 983.25
32 69 312.15
32 70 803.34
32 71 956.59
32 72 986.45
32 73 634.45
32 74 141.61
32 75 400.18
32 76 404.35
32 77 366.38
32 78 842.96
32 79 661.04
32 80 618.20
32 81 507.10
32 82 365.36
32 83 708.20
32 84 634.82
32 85 217.24
32 86 942.65
32 87 483.72
32 88 262.44
32 89 964.01
32 90 585.35
32 91 434.83
32 92 268.00
32 93 298.04
32 94 34.61
32 95 849.17
32 96 342.21
32 97 869.38
32 98 653.71
32 99 348.53
33 34 894.17
33 35 631.25
33 36 38.45
33 37 702.09
33 38 882.89
33 39 90.43
33 40 133.18
33 41 542.39
33 42 81.40
33 43 304.52
33 44 165.27
33 45 497.05
33 46 703.20
33 47 934.85
33 48 268.41
33 49 405.71
33 50 111.98
33 51 627.26
33 52 786.43
33 53 741.47
33 54 377.69
33 55 660.99
33 56 658.11
33 57 245.82
33 58 167.43
33 59 192.54
33 60 728.30
33 61 519.06
33 62 488.74
33 63 744.22
33 64 499.98
33 65 875.83
33 66 541.00
33 67 38.56
33 68 254.11
33 69 672.83
33 70 829.65
33 71 814.23
33 72 907.21
33 73 588.95
33 74 778.69
33 75 285.67
33 76 628.81
33 77 955.21
33 78 804.15
33 79 215.21
33 80 926.37
33 81 920.48
33 82 315.96
33 83 843.09
33 84 938.85
33 85 36.68
33 86 493.47
33 87 716.11
33 88 448.50
33 89 467.82
33 90 976.96
33 91 672.38
33 92 942.39
33 93 531.06
33 94 144.98
33 95 435.93
33 96 35.48
33 97 810.47
33 98 691.02
33 99 49.61
34 35 95.23
34 36 609.67
34 37 905.63
34 38 958.31
34 39 179.59
34 40 95.22
34 41 43.67
34 42 574.12
34 43 904.18
34 44 321.31
34 45 592.88
34 46 530.90
34 47 525.99
34 48 486.80
34 49 631.43
34 50 99.07
34 51 109.04
34 52 722.46
34 53 370.70
34 54 639.78
34 55 497.99
34 56 580.86
34 57 74.90
34 58 580.76
34 59 337.26
34 60 824.44
34 61 889.71
34 62 926.00
34 63 334.47
34 64 39.74
34 65 984.07
34 66 676.33
34 67 55.93
34 68 934.55
34 69 261.56
34 70 114.56
34 71 565.20
34 72 9.39
34 73 155.13
34 74 59.30
34 75 579.09
34 76 881.70
34 77 975.78
34 78 722.62
34 79 55.29
34 80 259.30
34 81 642.93
34 82 794.64
34 83 349.92
34 84 600.21
34 85 55.59
34 86 665.84
34 87 859.53
34 88 568.36
34 89 427.00
34 90 74.97
34 91 24.14
34 92 910.03
34 93 674.76
34 94 173.87
34 95 269.14
34 96 861.40
34 97 772.43
34 98 355.29
34 99 756.31
35 36 832.64
35 37 136.96
35 38 623.74
35 39 59.69
35 40 753.04
35 41 67.83
35 42 618.91
35 43 555.19
35 44 891.26
35 45 952.01
35 46 694.81
35 47 712.49
35 48 996.87
35 49 683.17
35 50 531.97
35 51 409.07
35 52 926.64
35 53 212.16
35 54 251.22
35 55 552.02
35 56 844.08
35 57 951.96
35 58 259.71
35 59 772.70
35 60 706.98
35 61 593.27
35 62 569.21
35 63 238.96
35 64 743.85
35 65 333.22
35 66 897.70
35 67 456.19
35 68 431.88
35 69 650.94
35 70 159.55
35 71 147.01
35 72 141.20
35 73 118.18
35 74 914.80
35 75 658.38
35 76 40.41
35 77 779.86
35 78 490.19
35 79 57.99
35 80 751.93
35 81 457.51
35 82 672.12
35 83 297.30
35 84 942.68
35 85 770.69
35 86 854.00
35 87 248.22
35 88 638.59
35 89 454.12
35 90 683.93
35 91 175.83
35 92 983.75
35 93 630.28
35 94 893.39
35 95 4.75
35 96 80.04
35 97 10.95
35 98 174.30
35 99 650.69
36 37 846.99
36 38 327.41
36 39 647.55
36 40 385.27
36 41 976.42
36 42 681.02
36 43 519.24
36 44 509.56
36 45 932.63
36 46 460.46
36 47 510.20
36 48 663.31
36 49 56.32
36 50 50.65
36 51 546.74
36 52 569.99
36 53 605.97
36 54 849.37
36 55 320.59
36 56 692.22
36 57 912.15
36 58 670.21
36 59 844.70
36 60 924.19
36 61 836.08
36 62 432.95
36 63 43.82
36 64 141.45
36 65 958.42
36 66 943.07
36 67 237.71
36 68 519.58
36 69 367.43
36 70 594.37
36 71 785.98
36 72 31.11
36 73 241.95
36 74 476.76
36 75 976.94
36 76 921.50
36 77 306.97
36 78 11.89
36 79 884.51
36 80 369.42
36 81 704.31
36 82 4.22
36 83 920.98
36 84 253.44
36 85 179.84
36 86 415.07
36 87 73.35
36 88 802.70
36 89 583.71
36 90 307.85
36 91 854.33
36 92 393.81
36 93 213.78
36 94 713.45
36 95 34.15
36 96 785.53
36 97 513.79
36 98 823.44
36 99 562.42
37 38 291.72
37 39 2.50
37 40 935.25
37 41 316.98
37 42 957.96
37 43 400.52
37 44 489.81
37 45 790.35
37 46 258.12
37 47 245.39
37 48 906.11
37 49 532.14
37 50 367.82
37 51 96.90
37 52 587.84
37 53 901.34
37 54 436.89
37 55 717.94
37 56 229.20
37 57 452.20
37 58 181.15
37 59 224.13
37 60 721.58
37 61 581.24
37 62 629.38
37 63 425.55
37 64 285.75
37 65 46.35
37 66 653.35
37 67 929.31
37 68 230.93
37 69 562.16
37 70 39.61
37 71 15.48
37 72 470.60
37 73 956.21
37 74 137.40
37 75 615.17
37 76 491.10
37 77 444.33
37 78 753.60
37 79 349.73
37 80 434.66
37 81 247.66
37 82 486.15
37 83 460.13
37 84 424.40
37 85 123.83
37 86 327.89
37 87 903.85
37 88 962.04
37 89 184.23
37 90 556.23
37 91 912.43
37 92 580.39
37 93 618.99
37 94 486.36
37 95 272.32
37 96 22.51
37 97 981.14
37 98 578.90
37 99 675.31
38 39 652.01
38 40 147.60
38 41 695.38
38 42 989.28
38 43 878.69
38 44 379.38
38 45 831.73
38 46 895.39
38 47 781.74
38 48 162.38
38 49 16.94
38 50 753.43
38 51 259.08
38 52 90.51
38 53 350.41
38 54 582.83
38 55 490.82
38 56 315.44
38 57 115.39
38 58 512.09
38 59 306.85
38 60 315.22
38 61 320.48
38 62 741.28
38 63 135.10
38 64 428.74
38 65 28.00
38 66 478.95
38 67 448.04
38 68 484.79
38 69 230.90
38 70 98.56
38 71 283.63
38 72 65.82
38 73 477.81
38 74 976.45
38 75 567.46
38 76 140.41
38 77 989.46
38 78 419.67
38 79 582.07
38 80 609.53
38 81 845.44
38 82 611.17
38 83 447.63
38 84 914.35
38 85 107.27
38 86 948.90
38 87 785.11
38 88 5.67
38 89 353.93
38 90 211.05
38 91 576.11
38 92 725.48
38 93 72.78
38 94 690.76
38 95 502.46
38 96 990.68
38 97 773.79
38 98 912.73
38 99 65.14
39 40 512.86
39 41 797.91
39 42 337.87
39 43 362.32
39 44 181.10
39 45 787.11
39 46 53.04
39 47 884.53
39 48 114.63
39 49 385.79
39 50 163.33
39 51 199.71
39 52 980.50
39 53 576.62
39 54 245.90
39 55 416.45
39 56 354.67
39 57 70.19
39 58 521.80
39 59 207.30
39 60 86.43
39 61 151.23
39 62 44.92
39 63 847.98
39 64 975.80
39 65 690.40
39 66 319.08
39 67 593.61
39 68 699.55
39 69 1.12
39 70 12.18
39 71 455.74
39 72 556.10
39 73 752.70
39 74 512.62
39 75 555.21
39 76 888.58
39 77 105.88
39 78 682.08
39 79 956.88
39 80 813.99
39 81 362.66
39 82 848.79
39 83 709.07
39 84 869.72
39 85 100.78
39 86 904.26
39 87 456.24
39 88 269.91
39 89 923.27
39 90 312.87
39 91 902.15
39 92 773.63
39 93 534.07
39 94 242.88
39 95 321.84
39 96 609.69
39 97 992.53
39 98 472.97
39 99 317.03
40 41 982.45
40 42 347.91
40 43 180.56
40 44 590.12
40 45 635.26
40 46 449.80
40 47 978.44
40 48 815.70
40 49 833.58
40 50 171.36
40 51 219.19
40 52 290.36
40 53 421.75
40 54 411.17
40 55 346.26
40 56 100.68
40 57 988.04
40 58 391.03
40 59 128.57
40 60 848.58
40 61 586.45
40 62 805.94
40 63 219.97
40 64 812.81
40 65 13.99
40 66 515.97
40 67 638.59
40 68 141.53
40 69 872.33
40 70 563.51
40 71 583.43
40 72 649.14
40 73 769.33
40 74 369.71
40 75 459.56
40 76 522.09
40 77 136.63
40 78 292.96
40 79 836.69
40 80 673.20
40 81 211.54
40 82 295.19
40 83 146.94
40 84 364.12
40 85 773.54
40 86 335.69
40 87 969.85
40 88 332.06
40 89 816.75
40 90 520.98
40 91 254.93
40 92 494.25
40 93 6.89
40 94 619.20
40 95 38.24
40 96 543.16
40 97 663.45
40 98 835.59
40 99 820.89
41 42 990.72
41 43 40.51
41 44 254.93
41 45 990.52
41 46 254.30
41 47 782.30
41 48 426.59
41 49 954.40
41 50 488.48
41 51 843.64
41 52 41.80
41 53 711.52
41 54 773.89
41 55 780.50
41 56 335.06
41 57 637.71
41 58 535.59
41 59 681.84
41 60 568.39
41 61 603.95
41 62 579.31
41 63 665.40
41 64 971.26
41 65 669.12
41 66 284.86
41 67 81.77
41 68 84.49
41 69 185.97
41 70 649.63
41 71 82.49
41 72 394.57
41 73 694.68
41 74 718.30
41 75 894.82
41 76 790.79
41 77 480.39
41 78 489.21
41 79 367.68
41 80 834.95
41 81 683.54
41 82 164.75
41 83 477.74
41 84 815.13
41 85 722.83
41 86 117.20
41 87 93.94
41 88 750.19
41 89 587.83
41 90 468.81
41 91 809.42
41 92 375.99
41 93 396.64
41 94 887.37
41 95 808.49
41 96 138.13
41 97 955.11
41 98 403.99
41 99 820.94
42 43 432.50
42 44 724.07
42 45 308.03
42 46 857.28
42 47 940.26
42 48 288.62
42 49 863.98
42 50 608.82
42 51 918.31
42 52 408.38
42 53 406.42
42 54 798.64
42 55 356.64
42 56 55.42
42 57 202.70
42 58 83.09
42 59 756.38
42 60 921.77
42 61 513.91
42 62 894.49
42 63 859.83
42 64 803.03
42 65 820.31
42 66 944.62
42 67 462.03
42 68 681.18
42 69 599.39
42 70 747.06
42 71 21.72
42 72 197.41
42 73 24.88
42 74 46.45
42 75 440.58
42 76 291.28
42 77 366.86
42 78 717.97
42 79 571.75
42 80 241.39
42 81 150.35
42 82 787.28
42 83 153.60
42 84 993.93
42 85 338.10
42 86 231.88
42 87 276.41
42 88 206.76
42 89 26.53
42 90 711.56
42 91 673.80
42 92 238.62
42 93 526.88
42 94 180.92
42 95 65.41
42 96 575.43
42 97 993.39
42 98 854.52
42 99 285.17
43 44 88.58
43 45 68.92
43 46 387.38
43 47 389.31
43 48 602.31
43 49 454.89
43 50 743.52
43 51 729.20
43 52 972.08
43 53 257.90
43 54 407.42
43 55 325.06
43 56 618.50
43 57 867.88
43 58 506.84
43 59 716.13
43 60 585.89
43 61 91.36
43 62 163.10
43 63 216.29
43 64 312.86
43 65 772.08
43 66 804.90
43 67 133.65
43 68 187.85
43 69 272.29
43 70 800.66
43 71 230.82
43 72 428.61
43 73 490.88
43 74 579.31
43 75 458.63
43 76 555.36
43 77 162.89
43 78 98.78
43 79 667.57
43 80 21.68
43 81 170.17
43 82 179.94
43 83 616.27
43 84 380.30
43 85 969.93
43 86 964.67
43 87 385.71
43 88 834.95
43 89 228.73
43 90 94.78
43 91 247.68
43 92 41.78
43 93 980.69
43 94 29.20
43 95 404.06
43 96 372.48
43 97 637.41
43 98 904.43
43 99 966.18
44 45 625.76
44 46 523.22
44 47 750.04
44 48 958.31
44 49 791.91
44 50 345.96
44 51 526.48
44 52 571.72
44 53 161.94
44 54 355.68
44 55 904.34
44 56 746.73
44 57 199.57
44 58 342.77
44 59 570.58
44 60 19.56
44 61 876.28
44 62 228.48
44 63 276.15
44 64 172.01
44 65 981.15
44 66 380.48
44 67 158.86
44 68 432.97
44 69 146.74
44 70 407.07
44 71 447.43
44 72 296.94
44 73 162.41
44 74 223.71
44 75 67.12
44 76 553.12
44 77 617.95
44 78 565.68
44 79 950.37
44 80 831.68
44 81 41.74
44 82 817.58
44 83 637.55
44 84 669.24
44 85 52.44
44 86 672.90
44 87 574.23
44 88 879.47
44 89 937.81
44 90 723.36
44 91 27.35
44 92 503.96
44 93 593.32
44 94 212.05
44 95 301.55
44 96 318.17
44 97 825.06
44 98 9.29
44 99 558.84
45 46 249.27
45 47 631.70
45 48 882.49
45 49 390.91
45 50 844.07
45 51 565.00
45 52 995.70
45 53 913.53
45 54 729.49
45 55 273.98
45 56 246.93
45 57 793.45
45 58 352.27
45 59 866.41
45 60 552.19
45 61 178.04
45 62 156.22
45 63 521.02
45 64 651.28
45 65 353.63
45 66 88.33
45 67 864.52
45 68 658.14
45 69 274.90
45 70 515.75
45 71 86.10
45 72 793.36
45 73 320.77
45 74 312.94
45 75 123.24
45 76 805.41
45 77 39.54
45 78 21.57
45 79 205.66
45 80 889.46
45 81 958.51
45 82 832.83
45 83 290.60
45 84 304.11
45 85 492.98
45 86 534.58
45 87 107.15
45 88 464.99
45 89 741.09
45 90 35.37
45 91 564.83
45 92 983.83
45 93 955.60
45 94 786.00
45 95 788.66
45 96 6.35
45 97 776.22
45 98 453.98
45 99 49.02
46 47 432.58
46 48 97.91
46 49 126.34
46 50 225.93
46 51 93.09
46 52 92.56
46 53 707.11
46 54 171.30
46 55 529.46
46 56 694.70
46 57 929.05
46 58 570.82
46 59 178.35
46 60 729.99
46 61 634.87
46 62 287.70
46 63 756.35
46 64 654.82
46 65 184.63
46 66 488.54
46 67 869.36
46 68 329.71
46 69 498.42
46 70 896.17
46 71 332.73
46 72 952.47
46 73 224.63
46 74 249.41
46 75 980.52
46 76 909.97
46 77 321.71
46 78 131.85
46 79 552.05
46 80 840.61
46 81 800.59
46 82 40.59
46 83 675.33
46 84 701.82
46 85 979.79
46 86 618.15
46 87 986.97
46 88 703.85
46 89 983.83
46 90 272.59
46 91 893.77
46 92 156.87
46 93 606.29
46 94 319.11
46 95 3.24
46 96 769.54
46 97 696.56
46 98 141.09
46 99 105.71
47 48 48.83
47 49 211.90
47 50 477.45
47 51 639.42
47 52 440.81
47 53 383.94
47 54 733.28
47 55 806.95
47 56 290.48
47 57 669.08
47 58 432.01
47 59 839.90
47 60 754.66
47 61 197.66
47 62 499.75
47 63 563.00
47 64 624.54
47 65 789.65
47 66 936.01
47 67 9.84
47 68 322.74
47 69 76.21
47 70 525.30
47 71 434.55
47 72 432.33
47 73 181.22
47 74 338.08
47 75 547.86
47 76 359.32
47 77 671.55
47 78 423.24
47 79 149.57
47 80 189.45
47 81 258.89
47 82 523.07
47 83 668.07
47 84 361.96
47 85 237.83
47 86 704.70
47 87 299.54
47 88 628.56
47 89 369.23
47 90 585.06
47 91 662.94
47 92 11.38
47 93 431.76
47 94 422.34
47 95 8.64
47 96 933.96
47 97 723.27
47 98 868.87
47 99 115.30
48 49 936.06
48 50 938.14
48 51 714.52
48 52 745.92
48 53 67.46
48 54 392.30
48 55 481.66
48 56 446.74
48 57 473.14
48 58 158.93
48 59 746.59
48 60 400.13
48 61 427.07
48 62 707.53
48 63 955.62
48 64 249.16
48 65 585.80
48 66 656.75
48 67 378.29
48 68 977.23
48 69 992.47
48 70 763.52
48 71 738.14
48 72 890.14
48 73 999.91
48 74 741.78
48 75 32.57
48 76 526.50
48 77 12.33
48 78 89.58
48 79 118.12
48 80 344.50
48 81 943.34
48 82 404.88
48 83 804.83
48 84 236.83
48 85 792.54
48 86 733.80
48 87 971.33
48 88 943.55
48 89 904.05
48 90 409.46
48 91 411.66
48 92 730.00
48 93 250.95
48 94 369.55
48 95 628.68
48 96 976.96
48 97 450.98
48 98 527.42
48 99 839.46
49 50 190.83
49 51 100.69
49 52 469.21
49 53 723.87
49 54 816.25
49 55 388.76
49 56 126.33
49 57 128.15
49 58 235.15
49 59 287.35
49 60 745.87
49 61 267.84
49 62 526.79
49 63 493.81
49 64 192.26
49 65 399.69
49 66 570.71
49 67 605.30
49 68 478.29
49 69 894.93
49 70 325.56
49 71 686.29
49 72 365.95
49 73 446.49
49 74 761.93
49 75 116.48
49 76 91.11
49 77 404.21
49 78 385.74
49 79 757.42
49 80 390.06
49 81 108.03
49 82 721.88
49 83 960.35
49 84 60.32
49 85 183.44
49 86 751.46
49 87 286.00
49 88 861.68
49 89 391.50
49 90 574.21
49 91 321.89
49 92 855.08
49 93 834.02
49 94 545.16
49 95 43.68
49 96 624.97
49 97 883.41
49 98 63.85
49 99 552.16
50 51 24.94
50 52 548.94
50 53 596.22
50 54 461.50
50 55 366.95
50 56 946.75
50 57 430.22
50 58 753.11
50 59 682.16
50 60 569.77
50 61 612.34
50 62 722.60
50 63 630.07
50 64 60.49
50 65 220.06
50 66 766.80
50 67 73.01
50 68 261.65
50 69 345.89
50 70 258.60
50 71 17.67
50 72 508.41
50 73 423.12
50 74 513.15
50 75 450.64
50 76 646.88
50 77 515.62
50 78 99.22
50 79 652.73
50 80 486.08
50 81 942.38
50 82 82.33
50 83 859.64
50 84 218.25
50 85 773.15
50 86 88.29
50 87 975.54
50 88 439.66
50 89 946.31
50 90 791.67
50 91 845.61
50 92 947.53
50 93 384.72
50 94 336.64
50 95 344.27
50 96 153.26
50 97 481.66
50 98 560.88
50 99 600.07
51 52 648.39
51 53 910.94
51 54 603.50
51 55 915.18
51 56 851.46
51 57 626.32
51 58 399.64
51 59 238.05
51 60 484.72
51 61 873.57
51 62 818.38
51 63 575.21
51 64 216.16
51 65 804.20
51 66 879.18
51 67 310.45
51 68 206.20
51 69 447.35
51 70 651.08
51 71 849.91
51 72 417.79
51 73 95.30
51 74 450.73
51 75 111.13
51 76 692.38
51 77 309.41
51 78 402.79
51 79 35.04
51 80 840.30
51 81 303.23
51 82 398.55
51 83 873.12
51 84 117.04
51 85 177.32
51 86 877.49
51 87 736.30
51 88 588.33
51 89 583.78
51 90 100.72
51 91 664.32
51 92 876.83
51 93 210.68
51 94 939.53
51 95 706.44
51 96 808.39
51 97 501.74
51 98 222.30
51 99 920.65
52 53 217.39
52 54 813.67
52 55 439.34
52 56 235.72
52 57 445.64
52 58 45.08
52 59 402.13
52 60 836.55
52 61 534.37
52 62 234.06
52 63 547.37
52 64 273.00
52 65 904.83
52 66 755.46
52 67 201.44
52 68 143.42
52 69 351.71
52 70 215.88
52 71 349.75
52 72 203.62
52 73 999.91
52 74 70.29
52 75 150.23
52 76 815.90
52 77 463.91
52 78 207.84
52 79 724.44
52 80 476.91
52 81 568.90
52 82 291.66
52 83 330.74
52 84 129.77
52 85 912.23
52 86 896.91
52 87 352.59
52 88 297.36
52 89 654.65
52 90 571.58
52 91 425.71
52 92 617.29
52 93 265.60
52 94 352.78
52 95 171.97
52 96 596.62
52 97 388.94
52 98 736.89
52 99 0.19
53 54 750.97
53 55 574.05
53 56 397.41
53 57 265.05
53 58 661.11
53 59 937.82
53 60 953.93
53 61 686.57
53 62 322.20
53 63 733.39
53 64 568.60
53 65 613.46
53 66 529.03
53 67 272.45
53 68 644.31
53 69 156.49
53 70 909.49
53 71 861.56
53 72 390.60
53 73 381.04
53 74 312.86
53 75 94.02
53 76 37.08
53 77 782.68
53 78 320.31
53 79 772.52
53 80 350.95
53 81 414.91
53 82 191.96
53 83 588.29
53 84 227.53
53 85 605.36
53 86 999.78
53 87 307.54
53 88 191.87
53 89 771.82
53 90 482.78
53 91 114.60
53 92 982.70
53 93 337.43
53 94 871.55
53 95 139.44
53 96 843.06
53 97 863.72
53 98 808.88
53 99 614.67
54 55 739.69
54 56 185.24
54 57 568.64
54 58 488.60
54 59 830.72
54 60 148.19
54 61 257.96
54 62 417.98
54 63 776.78
54 64 980.07
54 65 469.74
54 66 153.17
54 67 788.43
54 68 998.06
54 69 603.93
54 70 99.07
54 71 897.68
54 72 866.86
54 73 888.81
54 74 173.37
54 75 72.99
54 76 119.60
54 77 4.67
54 78 561.64
54 79 835.78
54 80 33.55
54 81 770.30
54 82 787.16
54 83 445.06
54 84 928.67
54 85 299.13
54 86 593.98
54 87 58.23
54 88 826.59
54 89 787.74
54 90 542.31
54 91 182.71
54 92 243.59
54 93 586.46
54 94 459.76
54 95 671.05
54 96 924.14
54 97 351.13
54 98 540.91
54 99 184.39
55 56 470.12
55 57 419.43
55 58 685.52
55 59 704.13
55 60 144.82
55 61 803.11
55 62 365.60
55 63 566.32
55 64 312.93
55 65 439.68
55 66 543.11
55 67 913.36
55 68 497.11
55 69 177.75
55 70 55.57
55 71 292.48
55 72 48.29
55 73 892.07
55 74 59.43
55 75 33.40
55 76 102.52
55 77 152.55
55 78 862.61
55 79 717.07
55 80 679.70
55 81 342.46
55 82 449.45
55 83 429.40
55 84 528.27
55 85 527.73
55 86 894.20
55 87 400.54
55 88 438.21
55 89 188.61
55 90 501.60
55 91 533.49
55 92 571.84
55 93 341.91
55 94 518.64
55 95 3.08
55 96 209.68
55 97 669.20
55 98 843.59
55 99 385.14
56 57 678.41
56 58 857.16
56 59 140.39
56 60 523.71
56 61 415.01
56 62 961.25
56 63 17.87
56 64 192.77
56 65 843.12
56 66 646.98
56 67 867.92
56 68 689.50
56 69 834.97
56 70 62.22
56 71 457.14
56 72 749.37
56 73 447.68
56 74 468.40
56 75 534.53
56 76 580.07
56 77 811.24
56 78 477.63
56 79 757.58
56 80 826.43
56 81 321.77
56 82 992.61
56 83 761.80
56 84 637.37
56 85 287.06
56 86 989.12
56 87 643.55
56 88 315.77
56 89 868.18
56 90 985.65
56 91 964.74
56 92 166.83
56 93 175.75
56 94 616.84
56 95 131.83
56 96 784.76
56 97 850.31
56 98 9.40
56 99 616.34
57 58 126.37
57 59 288.56
57 60 287.83
57 61 330.64
57 62 630.51
57 63 122.15
57 64 767.97
57 65 587.74
57 66 98.64
57 67 649.03
57 68 102.11
57 69 270.88
57 70 304.43
57 71 590.57
57 72 411.98
57 73 73.13
57 74 710.38
57 75 842.68
57 76 264.19
57 77 81.72
57 78 894.52
57 79 564.34
57 80 81.34
57 81 349.24
57 82 183.83
57 83 470.56
57 84 77.43
57 85 777.39
57 86 871.66
57 87 827.41
57 88 668.82
57 89 503.19
57 90 561.51
57 91 908.59
57 92 612.55
57 93 445.16
57 94 695.12
57 95 985.81
57 96 57.88
57 97 572.87
57 98 71.80
57 99 35.12
58 59 204.54
58 60 363.87
58 61 419.12
58 62 124.75
58 63 501.77
58 64 832.36
58 65 193.24
58 66 951.05
58 67 715.33
58 68 334.49
58 69 247.19
58 70 499.83
58 71 611.52
58 72 591.72
58 73 761.01
58 74 91.22
58 75 722.26
58 76 413.15
58 77 526.15
58 78 679.10
58 79 835.96
58 80 20.99
58 81 10.46
58 82 870.79
58 83 357.45
58 84 250.55
58 85 534.91
58 86 886.85
58 87 621.80
58 88 482.26
58 89 261.91
58 90 57.38
58 91 790.03
58 92 384.18
58 93 93.98
58 94 558.45
58 95 712.31
58 96 367.30
58 97 207.54
58 98 267.24
58 99 814.43
59 60 719.35
59 61 929.14
59 62 826.86
59 63 522.99
59 64 384.86
59 65 242.16
59 66 167.37
59 67 574.73
59 68 206.66
59 69 114.77
59 70 713.33
59 71 15.02
59 72 459.10
59 73 722.20
59 74 127.77
59 75 622.05
59 76 588.78
59 77 379.63
59 78 280.26
59 79 455.39
59 80 418.75
59 81 494.28
59 82 378.60
59 83 835.73
59 84 839.11
59 85 212.42
59 86 753.38
59 87 636.28
59 88 38.22
59 89 56.46
59 90 997.73
59 91 407.75
59 92 932.37
59 93 532.53
59 94 975.05
59 95 833.54
59 96 319.29
59 97 655.87
59 98 861.26
59 99 808.16
60 61 717.14
60 62 733.05
60 63 267.89
60 64 428.93
60 65 198.02
60 66 947.32
60 67 234.61
60 68 294.90
60 69 564.32
60 70 141.36
60 71 380.28
60 72 290.84
60 73 664.20
60 74 159.77
60 75 667.31
60 76 431.99
60 77 161.22
60 78 981.26
60 79 641.43
60 80 564.45
60 81 557.81
60 82 13.87
60 83 63.48
60 84 555.90
60 85 418.64
60 86 771.77
60 87 311.12
60 88 522.01
60 89 998.85
60 90 535.85
60 91 134.35
60 92 91.89
60 93 928.54
60 94 84.01
60 95 535.21
60 96 156.28
60 97 107.65
60 98 52.45
60 99 113.23
61 62 688.44
61 63 703.33
61 64 226.65
61 65 281.41
61 66 977.89
61 67 217.48
61 68 127.36
61 69 225.05
61 70 667.62
61 71 1.55
61 72 614.38
61 73 912.53
61 74 469.97
61 75 508.37
61 76 959.03
61 77 409.47
61 78 424.77
61 79 390.28
61 80 920.90
61 81 544.50
61 82 356.80
61 83 137.01
61 84 377.76
61 85 53.82
61 86 249.83
61 87 848.07
61 88 862.06
61 89 121.24
61 90 293.82
61 91 715.18
61 92 611.19
61 93 221.79
61 94 449.80
61 95 512.26
61 96 764.34
61 97 854.93
61 98 900.56
61 99 983.45
62 63 247.14
62 64 423.63
62 65 234.43
62 66 959.29
62 67 663.48
62 68 103.41
62 69 415.27
62 70 50.83
62 71 600.56
62 72 718.94
62 73 271.92
62 74 941.48
62 75 196.33
62 76 434.03
62 77 339.53
62 78 902.96
62 79 266.06
62 80 910.28
62 81 181.80
62 82 929.39
62 83 465.08
62 84 426.63
62 85 57.84
62 86 244.91
62 87 953.77
62 88 764.29
62 89 383.50
62 90 759.93
62 91 934.10
62 92 830.49
62 93 118.60
62 94 989.40
62 95 265.10
62 96 483.33
62 97 588.42
62 98 352.08
62 99 882.05
63 64 822.22
63 65 256.86
63 66 337.53
63 67 724.12
63 68 93.06
63 69 451.72
63 70 78.89
63 71 331.64
63 72 239.76
63 73 174.82
63 74 503.36
63 75 267.13
63 76 74.11
63 77 986.28
63 78 245.33
63 79 753.87
63 80 621.72
63 81 836.79
63 82 691.12
63 83 191.65
63 84 438.62
63 85 606.58
63 86 563.80
63 87 187.24
63 88 998.06
63 89 521.92
63 90 286.21
63 91 406.62
63 92 382.97
63 93 657.95
63 94 201.11
63 95 185.32
63 96 840.66
63 97 584.73
63 98 727.38
63 99 167.28
64 65 137.62
64 66 392.58
64 67 475.17
64 68 105.84
64 69 588.16
64 70 907.80
64 71 996.78
64 72 824.84
64 73 933.16
64 74 591.36
64 75 303.70
64 76 126.85
64 77 119.44
64 78 743.42
64 79 110.87
64 80 834.84
64 81 207.08
64 82 573.32
64 83 91.66
64 84 119.78
64 85 248.69
64 86 76.24
64 87 0.72
64 88 830.05
64 89 531.56
64 90 733.10
64 91 247.83
64 92 782.84
64 93 183.34
64 94 559.97
64 95 415.10
64 96 938.35
64 97 917.54
64 98 634.79
64 99 890.59
65 66 742.72
65 67 278.37
65 68 963.50
65 69 302.92
65 70 624.66
65 71 851.46
65 72 929.32
65 73 711.92
65 74 380.26
65 75 655.66
65 76 954.76
65 77 844.64
65 78 423.77
65 79 892.52
65 80 642.75
65 81 120.41
65 82 102.04
65 83 735.59
65 84 272.73
65 85 414.11
65 86 663.41
65 87 311.87
65 88 264.91
65 89 834.40
65 90 211.72
65 91 142.61
65 92 527.47
65 93 357.01
65 94 571.25
65 95 402.80
65 96 210.15
65 97 924.79
65 98 87.58
65 99 263.24
66 67 309.33
66 68 808.80
66 69 378.61
66 70 180.90
66 71 261.04
66 72 344.53
66 73 946.21
66 74 762.08
66 75 737.68
66 76 83.37
66 77 19.30
66 78 187.20
66 79 334.01
66 80 289.83
66 81 764.62
66 82 423.27
66 83 926.95
66 84 379.49
66 85 548.08
66 86 926.34
66 87 212.63
66 88 900.98
66 89 185.24
66 90 278.91
66 91 251.57
66 92 124.94
66 93 420.28
66 94 732.37
66 95 303.81
66 96 307.58
66 97 501.31
66 98 350.50
66 99 313.38
67 68 978.83
67 69 992.71
67 70 100.26
67 71 540.17
67 72 93.24
67 73 866.67
67 74 632.45
67 75 415.26
67 76 868.22
67 77 441.77
67 78 203.22
67 79 654.50
67 80 207.32
67 81 675.36
67 82 580.97
67 83 5.52
67 84 977.35
67 85 288.05
67 86 315.96
67 87 760.67
67 88 541.12
67 89 171.65
67 90 830.07
67 91 667.97
67 92 202.93
67 93 143.34
67 94 18.09
67 95 50.97
67 96 134.82
67 97 179.43
67 98 386.62
67 99 126.78
68 69 706.68
68 70 774.98
68 71 74.41
68 72 283.93
68 73 173.46
68 74 931.89
68 75 832.55
68 76 984.23
68 77 587.19
68 78 766.92
68 79 583.18
68 80 708.45
68 81 105.78
68 82 252.71
68 83 226.16
68 84 78.46
68 85 822.98
68 86 68.75
68 87 75.84
68 88 155.26
68 89 146.66
68 90 38.18
68 91 101.50
68 92 795.53
68 93 507.00
68 94 281.03
68 95 817.62
68 96 510.71
68 97 189.74
68 98 233.53
68 99 548.10
69 70 466.81
69 71 931.87
69 72 524.41
69 73 576.45
69 74 617.36
69 75 233.77
69 76 412.41
69 77 901.35
69 78 947.01
69 79 662.92
69 80 624.44
69 81 975.23
69 82 655.65
69 83 116.64
69 84 523.30
69 85 810.14
69 86 19.95
69 87 629.12
69 88 25.66
69 89 365.22
69 90 207.01
69 91 589.30
69 92 574.29
69 93 588.57
69 94 368.02
69 95 16.27
69 96 11.02
69 97 261.27
69 98 452.43
69 99 960.28
70 71 801.17
70 72 415.79
70 73 284.44
70 74 711.84
70 75 183.95
70 76 503.21
70 77 153.96
70 78 871.27
70 79 372.29
70 80 626.52
70 81 317.00
70 82 394.32
70 83 955.55
70 84 845.51
70 85 113.97
70 86 969.80
70 87 694.42
70 88 626.46
70 89 872.04
70 90 914.08
70 91 366.67
70 92 224.30
70 93 240.87
70 94 649.84
70 95 544.87
70 96 976.70
70 97 847.85
70 98 646.73
70 99 619.48
71 72 520.25
71 73 824.86
71 74 329.76
71 75 752.94
71 76 217.10
71 77 627.90
71 78 755.57
71 79 813.01
71 80 837.96
71 81 0.08
71 82 443.73
71 83 200.44
71 84 6.52
71 85 977.00
71 86 849.54
71 87 708.70
71 88 668.07
71 89 802.01
71 90 867.91
71 91 655.95
71 92 74.18
71 93 266.26
71 94 336.50
71 95 160.07
71 96 861.59
71 97 739.76
71 98 327.63
71 99 886.46
72 73 495.71
72 74 578.31
72 75 240.15
72 76 219.09
72 77 469.84
72 78 838.63
72 79 186.21
72 80 144.21
72 81 204.08
72 82 431.30
72 83 974.15
72 84 632.26
72 85 399.50
72 86 514.99
72 87 50.94
72 88 0.06
72 89 13.40
72 90 22.75
72 91 442.54
72 92 631.04
72 93 625.62
72 94 254.47
72 95 955.94
72 96 873.65
72 97 251.67
72 98 547.68
72 99 379.28
73 74 631.96
73 75 930.16
73 76 565.30
73 77 825.81
73 78 48.06
73 79 51.92
73 80 7.47
73 81 872.07
73 82 763.15
73 83 72.51
73 84 407.60
73 85 357.39
73 86 745.46
73 87 175.88
73 88 824.75
73 89 911.56
73 90 407.19
73 91 223.80
73 92 716.47
73 93 731.94
73 94 521.06
73 95 624.59
73 96 204.27
73 97 361.87
73 98 315.61
73 99 239.76
74 75 958.41
74 76 581.85
74 77 473.50
74 78 965.90
74 79 489.06
74 80 946.32
74 81 317.99
74 82 662.21
74 83 760.40
74 84 56.00
74 85 128.29
74 86 370.76
74 87 306.01
74 88 945.99
74 89 330.80
74 90 270.10
74 91 634.07
74 92 739.25
74 93 438.99
74 94 637.12
74 95 470.29
74 96 917.60
74 97 610.33
74 98 848.26
74 99 339.86
75 76 239.73
75 77 762.43
75 78 591.18
75 79 958.62
75 80 119.18
75 81 380.93
75 82 107.36
75 83 772.61
75 84 724.35
75 85 897.52
75 86 730.36
75 87 405.52
75 88 58.21
75 89 188.80
75 90 463.59
75 91 919.63
75 92 851.23
75 93 994.45
75 94 794.19
75 95 649.07
75 96 709.47
75 97 720.37
75 98 678.68
75 99 163.76
76 77 555.96
76 78 407.78
76 79 403.05
76 80 612.62
76 81 519.46
76 82 186.50
76 83 827.08
76 84 902.72
76 85 371.11
76 86 219.43
76 87 674.55
76 88 664.91
76 89 592.43
76 90 344.09
76 91 488.76
76 92 300.25
76 93 117.85
76 94 169.02
76 95 429.72
76 96 810.89
76 97 428.36
76 98 915.99
76 99 507.15
77 78 367.03
77 79 470.40
77 80 134.05
77 81 778.64
77 82 664.92
77 83 191.49
77 84 252.73
77 85 470.12
77 86 980.09
77 87 317.07
77 88 78.97
77 89 891.48
77 90 916.95
77 91 648.09
77 92 942.70
77 93 523.07
77 94 41.06
77 95 544.67
77 96 353.69
77 97 911.99
77 98 863.15
77 99 9.92
78 79 655.25
78 80 247.71
78 81 382.28
78 82 114.46
78 83 149.02
78 84 316.73
78 85 141.83
78 86 77.47
78 87 619.76
78 88 749.80
78 89 226.55
78 90 689.88
78 91 230.51
78 92 84.56
78 93 261.44
78 94 455.25
78 95 407.91
78 96 769.87
78 97 488.29
78 98 482.69
78 99 877.84
79 80 802.75
79 81 382.21
79 82 330.17
79 83 566.84
79 84 58.30
79 85 758.00
79 86 984.91
79 87 314.78
79 88 6.48
79 89 401.50
79 90 482.42
79 91 385.30
79 92 508.23
79 93 5.44
79 94 923.09
79 95 856.44
79 96 631.15
79 97 364.16
79 98 523.39
79 99 881.57
80 81 861.68
80 82 514.76
80 83 901.58
80 84 553.23
80 85 272.98
80 86 266.19
80 87 745.18
80 88 69.42
80 89 616.50
80 90 438.29
80 91 263.01
80 92 587.16
80 93 900.41
80 94 682.69
80 95 711.17
80 96 65.71
80 97 428.07
80 98 637.83
80 99 742.29
81 82 591.00
81 83 2.20
81 84 385.98
81 85 731.55
81 86 530.50
81 87 223.22
81 88 379.53
81 89 323.76
81 90 212.77
81 91 881.48
81 92 446.89
81 93 873.14
81 94 489.51
81 95 71.97
81 96 671.55
81 97 664.58
81 98 99.98
81 99 432.41
82 83 981.97
82 84 516.06
82 85 774.62
82 86 261.85
82 87 682.26
82 88 324.09
82 89 121.13
82 90 909.58
82 91 955.70
82 92 785.99
82 93 907.37
82 94 557.06
82 95 336.89
82 96 948.15
82 97 454.17
82 98 949.26
82 99 405.97
83 84 9.03
83 85 292.50
83 86 801.58
83 87 652.56
83 88 661.08
83 89 203.40
83 90 286.46
83 91 738.18
83 92 596.53
83 93 913.16
83 94 402.56
83 95 888.85
83 96 407.66
83 97 811.03
83 98 449.74
83 99 239.66
84 85 104.61
84 86 18.40
84 87 11.52
84 88 87.71
84 89 561.77
84 90 864.60
84 91 873.91
84 92 627.02
84 93 818.63
84 94 769.99
84 95 778.00
84 96 803.53
84 97 326.83
84 98 407.37
84 99 239.89
85 86 691.70
85 87 251.26
85 88 224.22
85 89 377.20
85 90 863.83
85 91 723.74
85 92 394.74
85 93 252.28
85 94 935.16
85 95 515.58
85 96 422.75
85 97 203.99
85 98 737.72
85 99 209.55
86 87 370.07
86 88 535.63
86 89 474.56
86 90 491.58
86 91 654.81
86 92 531.41
86 93 945.91
86 94 276.34
86 95 386.93
86 96 757.47
86 97 886.54
86 98 219.53
86 99 957.11
87 88 799.99
87 89 529.31
87 90 813.80
87 91 958.44
87 92 485.68
87 93 84.85
87 94 986.57
87 95 296.53
87 96 776.43
87 97 745.52
87 98 748.05
87 99 880.54
88 89 63.00
88 90 730.90
88 91 211.81
88 92 81.47
88 93 967.21
88 94 77.03
88 95 256.83
88 96 439.42
88 97 173.92
88 98 139.06
88 99 255.69
89 90 205.63
89 91 966.74
89 92 854.06
89 93 619.95
89 94 808.34
89 95 8.48
89 96 62.91
89 97 70.16
89 98 6.61
89 99 703.62
90 91 859.70
90 92 362.57
90 93 905.89
90 94 212.28
90 95 769.24
90 96 819.48
90 97 297.52
90 98 76.01
90 99 823.02
91 92 13.69
91 93 363.40
91 94 260.86
91 95 0.11
91 96 92.88
91 97 47.97
91 98 749.98
91 99 764.12
92 93 825.64
92 94 426.74
92 95 61.29
92 96 540.46
92 97 96.49
92 98 494.75
92 99 744.57
93 94 825.28
93 95 843.99
93 96 587.47
93 97 345.67
93 98 559.96
93 99 46.20
94 95 198.62
94 96 788.72
94 97 874.07
94 98 269.60
94 99 311.59
95 96 165.03
95 97 76.91
95 98 493.02
95 99 807.11
96 97 370.21
96 98 459.67
96 99 268.74
97 98 45.01
97 99 692.83
98 99 858.76
0 1 16.357965
0 2 280.617806
0 3 440.927110
0 4 334.597464
0 5 95.262351
0 6 184.490604
0 7 230.388414
0 8 490.805353
0 9 78.250746
1 2 427.757239
1 3 322.393911
1 4 188.167885
1 5 95.507528
1 6 214.154378
1 7 241.034879
1 8 60.356761
1 9 294.769529
2 3 113.136876
2 4 192.340716
2 5 291.509467
2 6 125.944176
2 7 145.258549
2 8 308.559160
2 9 132.680559
3 4 412.186305
3 5 491.318000
3 6 365.129627
3 7 171.972711
3 8 292.050861
3 9 53.936425
4 5 453.146102
4 6 439.820888
4 7 408.878948
4 8 130.404445
4 9 297.193549
5 6 11.314608
5 7 212.657766
5 8 156.395989
5 9 80.790261
6 7 89.429686
6 8 211.471128
6 9 47.167602
7 8 299.276945
7 9 235.486809
8 9 347.982460
