80 30
0 1 1
0 2 2
0 3 3
0 4 4
0 5 5
0 7 7
0 10 1
0 11 2
0 13 4
0 14 5
0 15 6
0 16 7
0 17 8
0 18 9
0 19 10
0 20 2
0 21 3
0 23 5
0 26 8
0 28 10
0 29 11
0 30 3
0 31 4
0 32 5
0 33 6
0 34 7
0 35 8
0 37 10
0 38 11
0 39 12
0 40 4
0 41 5
0 42 6
0 45 9
0 46 10
0 47 11
0 49 13
0 50 5
0 53 8
0 54 9
0 55 10
0 56 11
0 57 12
0 59 14
0 60 6
0 61 7
0 62 8
0 64 10
0 65 11
0 66 12
0 67 13
0 68 14
0 71 8
0 72 9
0 73 10
0 74 11
0 75 12
0 76 13
0 77 14
0 78 15
0 80 8
0 82 10
0 83 11
0 84 12
0 85 13
0 86 14
0 87 15
0 88 16
0 89 17
0 90 9
0 91 10
0 92 11
0 93 12
0 94 13
0 95 14
0 96 15
0 97 16
0 98 17
0 99 18
1 2 1
1 3 2
1 4 3
1 5 4
1 7 6
1 10 2
1 11 1
1 13 3
1 14 4
1 15 5
1 16 6
1 17 7
1 18 8
1 19 9
1 20 3
1 21 2
1 23 4
1 26 7
1 28 9
1 29 10
1 30 4
1 31 3
1 32 4
1 33 5
1 34 6
1 35 7
1 37 9
1 38 10
1 39 11
1 40 5
1 41 4
1 42 5
1 45 8
1 46 9
1 47 10
1 49 12
1 50 6
1 53 7
1 54 8
1 55 9
1 56 10
1 57 11
1 59 13
1 60 7
1 61 6
1 62 7
1 64 9
1 65 10
1 66 11
1 67 12
1 68 13
1 71 7
1 72 8
1 73 9
1 74 10
1 75 11
1 76 12
1 77 13
1 78 14
1 80 9
1 82 9
1 83 10
1 84 11
1 85 12
1 86 13
1 87 14
1 88 15
1 89 16
1 90 10
1 91 9
1 92 10
1 93 11
1 94 12
1 95 13
1 96 14
1 97 15
1 98 16
1 99 17
2 3 1
2 4 2
2 5 3
2 7 5
2 10 3
2 11 2
2 13 2
2 14 3
2 15 4
2 16 5
2 17 6
2 18 7
2 19 8
2 20 4
2 21 3
2 23 3
2 26 6
2 28 8
2 29 9
2 30 5
2 31 4
2 32 3
2 33 4
2 34 5
2 35 6
2 37 8
2 38 9
2 39 10
2 40 6
2 41 5
2 42 4
2 45 7
2 46 8
2 47 9
2 49 11
2 50 7
2 53 6
2 54 7
2 55 8
2 56 9
2 57 10
2 59 12
2 60 8
2 61 7
2 62 6
2 64 8
2 65 9
2 66 10
2 67 11
2 68 12
2 71 8
2 72 7
2 73 8
2 74 9
2 75 10
2 76 11
2 77 12
2 78 13
2 80 10
2 82 8
2 83 9
2 84 10
2 85 11
2 86 12
2 87 13
2 88 14
2 89 15
2 90 11
2 91 10
2 92 9
2 93 10
2 94 11
2 95 12
2 96 13
2 97 14
2 98 15
2 99 16
3 4 1
3 5 2
3 7 4
3 10 4
3 11 3
3 13 1
3 14 2
3 15 3
3 16 4
3 17 5
3 18 6
3 19 7
3 20 5
3 21 4
3 23 2
3 26 5
3 28 7
3 29 8
3 30 6
3 31 5
3 32 4
3 33 3
3 34 4
3 35 5
3 37 7
3 38 8
3 39 9
3 40 7
3 41 6
3 42 5
3 45 6
3 46 7
3 47 8
3 49 10
3 50 8
3 53 5
3 54 6
3 55 7
3 56 8
3 57 9
3 59 11
3 60 9
3 61 8
3 62 7
3 64 7
3 65 8
3 66 9
3 67 10
3 68 11
3 71 9
3 72 8
3 73 7
3 74 8
3 75 9
3 76 10
3 77 11
3 78 12
3 80 11
3 82 9
3 83 8
3 84 9
3 85 10
3 86 11
3 87 12
3 88 13
3 89 14
3 90 12
3 91 11
3 92 10
3 93 9
3 94 10
3 95 11
3 96 12
3 97 13
3 98 14
3 99 15
4 5 1
4 7 3
4 10 5
4 11 4
4 13 2
4 14 1
4 15 2
4 16 3
4 17 4
4 18 5
4 19 6
4 20 6
4 21 5
4 23 3
4 26 4
4 28 6
4 29 7
4 30 7
4 31 6
4 32 5
4 33 4
4 34 3
4 35 4
4 37 6
4 38 7
4 39 8
4 40 8
4 41 7
4 42 6
4 45 5
4 46 6
4 47 7
4 49 9
4 50 9
4 53 6
4 54 5
4 55 6
4 56 7
4 57 8
4 59 10
4 60 10
4 61 9
4 62 8
4 64 6
4 65 7
4 66 8
4 67 9
4 68 10
4 71 10
4 72 9
4 73 8
4 74 7
4 75 8
4 76 9
4 77 10
4 78 11
4 80 12
4 82 10
4 83 9
4 84 8
4 85 9
4 86 10
4 87 11
4 88 12
4 89 13
4 90 13
4 91 12
4 92 11
4 93 10
4 94 9
4 95 10
4 96 11
4 97 12
4 98 13
4 99 14
5 7 2
5 10 6
5 11 5
5 13 3
5 14 2
5 15 1
5 16 2
5 17 3
5 18 4
5 19 5
5 20 7
5 21 6
5 23 4
5 26 3
5 28 5
5 29 6
5 30 8
5 31 7
5 32 6
5 33 5
5 34 4
5 35 3
5 37 5
5 38 6
5 39 7
5 40 9
5 41 8
5 42 7
5 45 4
5 46 5
5 47 6
5 49 8
5 50 10
5 53 7
5 54 6
5 55 5
5 56 6
5 57 7
5 59 9
5 60 11
5 61 10
5 62 9
5 64 7
5 65 6
5 66 7
5 67 8
5 68 9
5 71 11
5 72 10
5 73 9
5 74 8
5 75 7
5 76 8
5 77 9
5 78 10
5 80 13
5 82 11
5 83 10
5 84 9
5 85 8
5 86 9
5 87 10
5 88 11
5 89 12
5 90 14
5 91 13
5 92 12
5 93 11
5 94 10
5 95 9
5 96 10
5 97 11
5 98 12
5 99 13
7 10 8
7 11 7
7 13 5
7 14 4
7 15 3
7 16 2
7 17 1
7 18 2
7 19 3
7 20 9
7 21 8
7 23 6
7 26 3
7 28 3
7 29 4
7 30 10
7 31 9
7 32 8
7 33 7
7 34 6
7 35 5
7 37 3
7 38 4
7 39 5
7 40 11
7 41 10
7 42 9
7 45 6
7 46 5
7 47 4
7 49 6
7 50 12
7 53 9
7 54 8
7 55 7
7 56 6
7 57 5
7 59 7
7 60 13
7 61 12
7 62 11
7 64 9
7 65 8
7 66 7
7 67 6
7 68 7
7 71 13
7 72 12
7 73 11
7 74 10
7 75 9
7 76 8
7 77 7
7 78 8
7 80 15
7 82 13
7 83 12
7 84 11
7 85 10
7 86 9
7 87 8
7 88 9
7 89 10
7 90 16
7 91 15
7 92 14
7 93 13
7 94 12
7 95 11
7 96 10
7 97 9
7 98 10
7 99 11
10 11 1
10 13 3
10 14 4
10 15 5
10 16 6
10 17 7
10 18 8
10 19 9
10 20 1
10 21 2
10 23 4
10 26 7
10 28 9
10 29 10
10 30 2
10 31 3
10 32 4
10 33 5
10 34 6
10 35 7
10 37 9
10 38 10
10 39 11
10 40 3
10 41 4
10 42 5
10 45 8
10 46 9
10 47 10
10 49 12
10 50 4
10 53 7
10 54 8
10 55 9
10 56 10
10 57 11
10 59 13
10 60 5
10 61 6
10 62 7
10 64 9
10 65 10
10 66 11
10 67 12
10 68 13
10 71 7
10 72 8
10 73 9
10 74 10
10 75 11
10 76 12
10 77 13
10 78 14
10 80 7
10 82 9
10 83 10
10 84 11
10 85 12
10 86 13
10 87 14
10 88 15
10 89 16
10 90 8
10 91 9
10 92 10
10 93 11
10 94 12
10 95 13
10 96 14
10 97 15
10 98 16
10 99 17
11 13 2
11 14 3
11 15 4
11 16 5
11 17 6
11 18 7
11 19 8
11 20 2
11 21 1
11 23 3
11 26 6
11 28 8
11 29 9
11 30 3
11 31 2
11 32 3
11 33 4
11 34 5
11 35 6
11 37 8
11 38 9
11 39 10
11 40 4
11 41 3
11 42 4
11 45 7
11 46 8
11 47 9
11 49 11
11 50 5
11 53 6
11 54 7
11 55 8
11 56 9
11 57 10
11 59 12
11 60 6
11 61 5
11 62 6
11 64 8
11 65 9
11 66 10
11 67 11
11 68 12
11 71 6
11 72 7
11 73 8
11 74 9
11 75 10
11 76 11
11 77 12
11 78 13
11 80 8
11 82 8
11 83 9
11 84 10
11 85 11
11 86 12
11 87 13
11 88 14
11 89 15
11 90 9
11 91 8
11 92 9
11 93 10
11 94 11
11 95 12
11 96 13
11 97 14
11 98 15
11 99 16
13 14 1
13 15 2
13 16 3
13 17 4
13 18 5
13 19 6
13 20 4
13 21 3
13 23 1
13 26 4
13 28 6
13 29 7
13 30 5
13 31 4
13 32 3
13 33 2
13 34 3
13 35 4
13 37 6
13 38 7
13 39 8
13 40 6
13 41 5
13 42 4
13 45 5
13 46 6
13 47 7
13 49 9
13 50 7
13 53 4
13 54 5
13 55 6
13 56 7
13 57 8
13 59 10
13 60 8
13 61 7
13 62 6
13 64 6
13 65 7
13 66 8
13 67 9
13 68 10
13 71 8
13 72 7
13 73 6
13 74 7
13 75 8
13 76 9
13 77 10
13 78 11
13 80 10
13 82 8
13 83 7
13 84 8
13 85 9
13 86 10
13 87 11
13 88 12
13 89 13
13 90 11
13 91 10
13 92 9
13 93 8
13 94 9
13 95 10
13 96 11
13 97 12
13 98 13
13 99 14
14 15 1
14 16 2
14 17 3
14 18 4
14 19 5
14 20 5
14 21 4
14 23 2
14 26 3
14 28 5
14 29 6
14 30 6
14 31 5
14 32 4
14 33 3
14 34 2
14 35 3
14 37 5
14 38 6
14 39 7
14 40 7
14 41 6
14 42 5
14 45 4
14 46 5
14 47 6
14 49 8
14 50 8
14 53 5
14 54 4
14 55 5
14 56 6
14 57 7
14 59 9
14 60 9
14 61 8
14 62 7
14 64 5
14 65 6
14 66 7
14 67 8
14 68 9
14 71 9
14 72 8
14 73 7
14 74 6
14 75 7
14 76 8
14 77 9
14 78 10
14 80 11
14 82 9
14 83 8
14 84 7
14 85 8
14 86 9
14 87 10
14 88 11
14 89 12
14 90 12
14 91 11
14 92 10
14 93 9
14 94 8
14 95 9
14 96 10
14 97 11
14 98 12
14 99 13
15 16 1
15 17 2
15 18 3
15 19 4
15 20 6
15 21 5
15 23 3
15 26 2
15 28 4
15 29 5
15 30 7
15 31 6
15 32 5
15 33 4
15 34 3
15 35 2
15 37 4
15 38 5
15 39 6
15 40 8
15 41 7
15 42 6
15 45 3
15 46 4
15 47 5
15 49 7
15 50 9
15 53 6
15 54 5
15 55 4
15 56 5
15 57 6
15 59 8
15 60 10
15 61 9
15 62 8
15 64 6
15 65 5
15 66 6
15 67 7
15 68 8
15 71 10
15 72 9
15 73 8
15 74 7
15 75 6
15 76 7
15 77 8
15 78 9
15 80 12
15 82 10
15 83 9
15 84 8
15 85 7
15 86 8
15 87 9
15 88 10
15 89 11
15 90 13
15 91 12
15 92 11
15 93 10
15 94 9
15 95 8
15 96 9
15 97 10
15 98 11
15 99 12
16 17 1
16 18 2
16 19 3
16 20 7
16 21 6
16 23 4
16 26 1
16 28 3
16 29 4
16 30 8
16 31 7
16 32 6
16 33 5
16 34 4
16 35 3
16 37 3
16 38 4
16 39 5
16 40 9
16 41 8
16 42 7
16 45 4
16 46 3
16 47 4
16 49 6
16 50 10
16 53 7
16 54 6
16 55 5
16 56 4
16 57 5
16 59 7
16 60 11
16 61 10
16 62 9
16 64 7
16 65 6
16 66 5
16 67 6
16 68 7
16 71 11
16 72 10
16 73 9
16 74 8
16 75 7
16 76 6
16 77 7
16 78 8
16 80 13
16 82 11
16 83 10
16 84 9
16 85 8
16 86 7
16 87 8
16 88 9
16 89 10
16 90 14
16 91 13
16 92 12
16 93 11
16 94 10
16 95 9
16 96 8
16 97 9
16 98 10
16 99 11
17 18 1
17 19 2
17 20 8
17 21 7
17 23 5
17 26 2
17 28 2
17 29 3
17 30 9
17 31 8
17 32 7
17 33 6
17 34 5
17 35 4
17 37 2
17 38 3
17 39 4
17 40 10
17 41 9
17 42 8
17 45 5
17 46 4
17 47 3
17 49 5
17 50 11
17 53 8
17 54 7
17 55 6
17 56 5
17 57 4
17 59 6
17 60 12
17 61 11
17 62 10
17 64 8
17 65 7
17 66 6
17 67 5
17 68 6
17 71 12
17 72 11
17 73 10
17 74 9
17 75 8
17 76 7
17 77 6
17 78 7
17 80 14
17 82 12
17 83 11
17 84 10
17 85 9
17 86 8
17 87 7
17 88 8
17 89 9
17 90 15
17 91 14
17 92 13
17 93 12
17 94 11
17 95 10
17 96 9
17 97 8
17 98 9
17 99 10
18 19 1
18 20 9
18 21 8
18 23 6
18 26 3
18 28 1
18 29 2
18 30 10
18 31 9
18 32 8
18 33 7
18 34 6
18 35 5
18 37 3
18 38 2
18 39 3
18 40 11
18 41 10
18 42 9
18 45 6
18 46 5
18 47 4
18 49 4
18 50 12
18 53 9
18 54 8
18 55 7
18 56 6
18 57 5
18 59 5
18 60 13
18 61 12
18 62 11
18 64 9
18 65 8
18 66 7
18 67 6
18 68 5
18 71 13
18 72 12
18 73 11
18 74 10
18 75 9
18 76 8
18 77 7
18 78 6
18 80 15
18 82 13
18 83 12
18 84 11
18 85 10
18 86 9
18 87 8
18 88 7
18 89 8
18 90 16
18 91 15
18 92 14
18 93 13
18 94 12
18 95 11
18 96 10
18 97 9
18 98 8
18 99 9
19 20 10
19 21 9
19 23 7
19 26 4
19 28 2
19 29 1
19 30 11
19 31 10
19 32 9
19 33 8
19 34 7
19 35 6
19 37 4
19 38 3
19 39 2
19 40 12
19 41 11
19 42 10
19 45 7
19 46 6
19 47 5
19 49 3
19 50 13
19 53 10
19 54 9
19 55 8
19 56 7
19 57 6
19 59 4
19 60 14
19 61 13
19 62 12
19 64 10
19 65 9
19 66 8
19 67 7
19 68 6
19 71 14
19 72 13
19 73 12
19 74 11
19 75 10
19 76 9
19 77 8
19 78 7
19 80 16
19 82 14
19 83 13
19 84 12
19 85 11
19 86 10
19 87 9
19 88 8
19 89 7
19 90 17
19 91 16
19 92 15
19 93 14
19 94 13
19 95 12
19 96 11
19 97 10
19 98 9
19 99 8
20 21 1
20 23 3
20 26 6
20 28 8
20 29 9
20 30 1
20 31 2
20 32 3
20 33 4
20 34 5
20 35 6
20 37 8
20 38 9
20 39 10
20 40 2
20 41 3
20 42 4
20 45 7
20 46 8
20 47 9
20 49 11
20 50 3
20 53 6
20 54 7
20 55 8
20 56 9
20 57 10
20 59 12
20 60 4
20 61 5
20 62 6
20 64 8
20 65 9
20 66 10
20 67 11
20 68 12
20 71 6
20 72 7
20 73 8
20 74 9
20 75 10
20 76 11
20 77 12
20 78 13
20 80 6
20 82 8
20 83 9
20 84 10
20 85 11
20 86 12
20 87 13
20 88 14
20 89 15
20 90 7
20 91 8
20 92 9
20 93 10
20 94 11
20 95 12
20 96 13
20 97 14
20 98 15
20 99 16
21 23 2
21 26 5
21 28 7
21 29 8
21 30 2
21 31 1
21 32 2
21 33 3
21 34 4
21 35 5
21 37 7
21 38 8
21 39 9
21 40 3
21 41 2
21 42 3
21 45 6
21 46 7
21 47 8
21 49 10
21 50 4
21 53 5
21 54 6
21 55 7
21 56 8
21 57 9
21 59 11
21 60 5
21 61 4
21 62 5
21 64 7
21 65 8
21 66 9
21 67 10
21 68 11
21 71 5
21 72 6
21 73 7
21 74 8
21 75 9
21 76 10
21 77 11
21 78 12
21 80 7
21 82 7
21 83 8
21 84 9
21 85 10
21 86 11
21 87 12
21 88 13
21 89 14
21 90 8
21 91 7
21 92 8
21 93 9
21 94 10
21 95 11
21 96 12
21 97 13
21 98 14
21 99 15
23 26 3
23 28 5
23 29 6
23 30 4
23 31 3
23 32 2
23 33 1
23 34 2
23 35 3
23 37 5
23 38 6
23 39 7
23 40 5
23 41 4
23 42 3
23 45 4
23 46 5
23 47 6
23 49 8
23 50 6
23 53 3
23 54 4
23 55 5
23 56 6
23 57 7
23 59 9
23 60 7
23 61 6
23 62 5
23 64 5
23 65 6
23 66 7
23 67 8
23 68 9
23 71 7
23 72 6
23 73 5
23 74 6
23 75 7
23 76 8
23 77 9
23 78 10
23 80 9
23 82 7
23 83 6
23 84 7
23 85 8
23 86 9
23 87 10
23 88 11
23 89 12
23 90 10
23 91 9
23 92 8
23 93 7
23 94 8
23 95 9
23 96 10
23 97 11
23 98 12
23 99 13
26 28 2
26 29 3
26 30 7
26 31 6
26 32 5
26 33 4
26 34 3
26 35 2
26 37 2
26 38 3
26 39 4
26 40 8
26 41 7
26 42 6
26 45 3
26 46 2
26 47 3
26 49 5
26 50 9
26 53 6
26 54 5
26 55 4
26 56 3
26 57 4
26 59 6
26 60 10
26 61 9
26 62 8
26 64 6
26 65 5
26 66 4
26 67 5
26 68 6
26 71 10
26 72 9
26 73 8
26 74 7
26 75 6
26 76 5
26 77 6
26 78 7
26 80 12
26 82 10
26 83 9
26 84 8
26 85 7
26 86 6
26 87 7
26 88 8
26 89 9
26 90 13
26 91 12
26 92 11
26 93 10
26 94 9
26 95 8
26 96 7
26 97 8
26 98 9
26 99 10
28 29 1
28 30 9
28 31 8
28 32 7
28 33 6
28 34 5
28 35 4
28 37 2
28 38 1
28 39 2
28 40 10
28 41 9
28 42 8
28 45 5
28 46 4
28 47 3
28 49 3
28 50 11
28 53 8
28 54 7
28 55 6
28 56 5
28 57 4
28 59 4
28 60 12
28 61 11
28 62 10
28 64 8
28 65 7
28 66 6
28 67 5
28 68 4
28 71 12
28 72 11
28 73 10
28 74 9
28 75 8
28 76 7
28 77 6
28 78 5
28 80 14
28 82 12
28 83 11
28 84 10
28 85 9
28 86 8
28 87 7
28 88 6
28 89 7
28 90 15
28 91 14
28 92 13
28 93 12
28 94 11
28 95 10
28 96 9
28 97 8
28 98 7
28 99 8
29 30 10
29 31 9
29 32 8
29 33 7
29 34 6
29 35 5
29 37 3
29 38 2
29 39 1
29 40 11
29 41 10
29 42 9
29 45 6
29 46 5
29 47 4
29 49 2
29 50 12
29 53 9
29 54 8
29 55 7
29 56 6
29 57 5
29 59 3
29 60 13
29 61 12
29 62 11
29 64 9
29 65 8
29 66 7
29 67 6
29 68 5
29 71 13
29 72 12
29 73 11
29 74 10
29 75 9
29 76 8
29 77 7
29 78 6
29 80 15
29 82 13
29 83 12
29 84 11
29 85 10
29 86 9
29 87 8
29 88 7
29 89 6
29 90 16
29 91 15
29 92 14
29 93 13
29 94 12
29 95 11
29 96 10
29 97 9
29 98 8
29 99 7
30 31 1
30 32 2
30 33 3
30 34 4
30 35 5
30 37 7
30 38 8
30 39 9
30 40 1
30 41 2
30 42 3
30 45 6
30 46 7
30 47 8
30 49 10
30 50 2
30 53 5
30 54 6
30 55 7
30 56 8
30 57 9
30 59 11
30 60 3
30 61 4
30 62 5
30 64 7
30 65 8
30 66 9
30 67 10
30 68 11
30 71 5
30 72 6
30 73 7
30 74 8
30 75 9
30 76 10
30 77 11
30 78 12
30 80 5
30 82 7
30 83 8
30 84 9
30 85 10
30 86 11
30 87 12
30 88 13
30 89 14
30 90 6
30 91 7
30 92 8
30 93 9
30 94 10
30 95 11
30 96 12
30 97 13
30 98 14
30 99 15
31 32 1
31 33 2
31 34 3
31 35 4
31 37 6
31 38 7
31 39 8
31 40 2
31 41 1
31 42 2
31 45 5
31 46 6
31 47 7
31 49 9
31 50 3
31 53 4
31 54 5
31 55 6
31 56 7
31 57 8
31 59 10
31 60 4
31 61 3
31 62 4
31 64 6
31 65 7
31 66 8
31 67 9
31 68 10
31 71 4
31 72 5
31 73 6
31 74 7
31 75 8
31 76 9
31 77 10
31 78 11
31 80 6
31 82 6
31 83 7
31 84 8
31 85 9
31 86 10
31 87 11
31 88 12
31 89 13
31 90 7
31 91 6
31 92 7
31 93 8
31 94 9
31 95 10
31 96 11
31 97 12
31 98 13
31 99 14
32 33 1
32 34 2
32 35 3
32 37 5
32 38 6
32 39 7
32 40 3
32 41 2
32 42 1
32 45 4
32 46 5
32 47 6
32 49 8
32 50 4
32 53 3
32 54 4
32 55 5
32 56 6
32 57 7
32 59 9
32 60 5
32 61 4
32 62 3
32 64 5
32 65 6
32 66 7
32 67 8
32 68 9
32 71 5
32 72 4
32 73 5
32 74 6
32 75 7
32 76 8
32 77 9
32 78 10
32 80 7
32 82 5
32 83 6
32 84 7
32 85 8
32 86 9
32 87 10
32 88 11
32 89 12
32 90 8
32 91 7
32 92 6
32 93 7
32 94 8
32 95 9
32 96 10
32 97 11
32 98 12
32 99 13
33 34 1
33 35 2
33 37 4
33 38 5
33 39 6
33 40 4
33 41 3
33 42 2
33 45 3
33 46 4
33 47 5
33 49 7
33 50 5
33 53 2
33 54 3
33 55 4
33 56 5
33 57 6
33 59 8
33 60 6
33 61 5
33 62 4
33 64 4
33 65 5
33 66 6
33 67 7
33 68 8
33 71 6
33 72 5
33 73 4
33 74 5
33 75 6
33 76 7
33 77 8
33 78 9
33 80 8
33 82 6
33 83 5
33 84 6
33 85 7
33 86 8
33 87 9
33 88 10
33 89 11
33 90 9
33 91 8
33 92 7
33 93 6
33 94 7
33 95 8
33 96 9
33 97 10
33 98 11
33 99 12
34 35 1
34 37 3
34 38 4
34 39 5
34 40 5
34 41 4
34 42 3
34 45 2
34 46 3
34 47 4
34 49 6
34 50 6
34 53 3
34 54 2
34 55 3
34 56 4
34 57 5
34 59 7
34 60 7
34 61 6
34 62 5
34 64 3
34 65 4
34 66 5
34 67 6
34 68 7
34 71 7
34 72 6
34 73 5
34 74 4
34 75 5
34 76 6
34 77 7
34 78 8
34 80 9
34 82 7
34 83 6
34 84 5
34 85 6
34 86 7
34 87 8
34 88 9
34 89 10
34 90 10
34 91 9
34 92 8
34 93 7
34 94 6
34 95 7
34 96 8
34 97 9
34 98 10
34 99 11
35 37 2
35 38 3
35 39 4
35 40 6
35 41 5
35 42 4
35 45 1
35 46 2
35 47 3
35 49 5
35 50 7
35 53 4
35 54 3
35 55 2
35 56 3
35 57 4
35 59 6
35 60 8
35 61 7
35 62 6
35 64 4
35 65 3
35 66 4
35 67 5
35 68 6
35 71 8
35 72 7
35 73 6
35 74 5
35 75 4
35 76 5
35 77 6
35 78 7
35 80 10
35 82 8
35 83 7
35 84 6
35 85 5
35 86 6
35 87 7
35 88 8
35 89 9
35 90 11
35 91 10
35 92 9
35 93 8
35 94 7
35 95 6
35 96 7
35 97 8
35 98 9
35 99 10
37 38 1
37 39 2
37 40 8
37 41 7
37 42 6
37 45 3
37 46 2
37 47 1
37 49 3
37 50 9
37 53 6
37 54 5
37 55 4
37 56 3
37 57 2
37 59 4
37 60 10
37 61 9
37 62 8
37 64 6
37 65 5
37 66 4
37 67 3
37 68 4
37 71 10
37 72 9
37 73 8
37 74 7
37 75 6
37 76 5
37 77 4
37 78 5
37 80 12
37 82 10
37 83 9
37 84 8
37 85 7
37 86 6
37 87 5
37 88 6
37 89 7
37 90 13
37 91 12
37 92 11
37 93 10
37 94 9
37 95 8
37 96 7
37 97 6
37 98 7
37 99 8
38 39 1
38 40 9
38 41 8
38 42 7
38 45 4
38 46 3
38 47 2
38 49 2
38 50 10
38 53 7
38 54 6
38 55 5
38 56 4
38 57 3
38 59 3
38 60 11
38 61 10
38 62 9
38 64 7
38 65 6
38 66 5
38 67 4
38 68 3
38 71 11
38 72 10
38 73 9
38 74 8
38 75 7
38 76 6
38 77 5
38 78 4
38 80 13
38 82 11
38 83 10
38 84 9
38 85 8
38 86 7
38 87 6
38 88 5
38 89 6
38 90 14
38 91 13
38 92 12
38 93 11
38 94 10
38 95 9
38 96 8
38 97 7
38 98 6
38 99 7
39 40 10
39 41 9
39 42 8
39 45 5
39 46 4
39 47 3
39 49 1
39 50 11
39 53 8
39 54 7
39 55 6
39 56 5
39 57 4
39 59 2
39 60 12
39 61 11
39 62 10
39 64 8
39 65 7
39 66 6
39 67 5
39 68 4
39 71 12
39 72 11
39 73 10
39 74 9
39 75 8
39 76 7
39 77 6
39 78 5
39 80 14
39 82 12
39 83 11
39 84 10
39 85 9
39 86 8
39 87 7
39 88 6
39 89 5
39 90 15
39 91 14
39 92 13
39 93 12
39 94 11
39 95 10
39 96 9
39 97 8
39 98 7
39 99 6
40 41 1
40 42 2
40 45 5
40 46 6
40 47 7
40 49 9
40 50 1
40 53 4
40 54 5
40 55 6
40 56 7
40 57 8
40 59 10
40 60 2
40 61 3
40 62 4
40 64 6
40 65 7
40 66 8
40 67 9
40 68 10
40 71 4
40 72 5
40 73 6
40 74 7
40 75 8
40 76 9
40 77 10
40 78 11
40 80 4
40 82 6
40 83 7
40 84 8
40 85 9
40 86 10
40 87 11
40 88 12
40 89 13
40 90 5
40 91 6
40 92 7
40 93 8
40 94 9
40 95 10
40 96 11
40 97 12
40 98 13
40 99 14
41 42 1
41 45 4
41 46 5
41 47 6
41 49 8
41 50 2
41 53 3
41 54 4
41 55 5
41 56 6
41 57 7
41 59 9
41 60 3
41 61 2
41 62 3
41 64 5
41 65 6
41 66 7
41 67 8
41 68 9
41 71 3
41 72 4
41 73 5
41 74 6
41 75 7
41 76 8
41 77 9
41 78 10
41 80 5
41 82 5
41 83 6
41 84 7
41 85 8
41 86 9
41 87 10
41 88 11
41 89 12
41 90 6
41 91 5
41 92 6
41 93 7
41 94 8
41 95 9
41 96 10
41 97 11
41 98 12
41 99 13
42 45 3
42 46 4
42 47 5
42 49 7
42 50 3
42 53 2
42 54 3
42 55 4
42 56 5
42 57 6
42 59 8
42 60 4
42 61 3
42 62 2
42 64 4
42 65 5
42 66 6
42 67 7
42 68 8
42 71 4
42 72 3
42 73 4
42 74 5
42 75 6
42 76 7
42 77 8
42 78 9
42 80 6
42 82 4
42 83 5
42 84 6
42 85 7
42 86 8
42 87 9
42 88 10
42 89 11
42 90 7
42 91 6
42 92 5
42 93 6
42 94 7
42 95 8
42 96 9
42 97 10
42 98 11
42 99 12
45 46 1
45 47 2
45 49 4
45 50 6
45 53 3
45 54 2
45 55 1
45 56 2
45 57 3
45 59 5
45 60 7
45 61 6
45 62 5
45 64 3
45 65 2
45 66 3
45 67 4
45 68 5
45 71 7
45 72 6
45 73 5
45 74 4
45 75 3
45 76 4
45 77 5
45 78 6
45 80 9
45 82 7
45 83 6
45 84 5
45 85 4
45 86 5
45 87 6
45 88 7
45 89 8
45 90 10
45 91 9
45 92 8
45 93 7
45 94 6
45 95 5
45 96 6
45 97 7
45 98 8
45 99 9
46 47 1
46 49 3
46 50 7
46 53 4
46 54 3
46 55 2
46 56 1
46 57 2
46 59 4
46 60 8
46 61 7
46 62 6
46 64 4
46 65 3
46 66 2
46 67 3
46 68 4
46 71 8
46 72 7
46 73 6
46 74 5
46 75 4
46 76 3
46 77 4
46 78 5
46 80 10
46 82 8
46 83 7
46 84 6
46 85 5
46 86 4
46 87 5
46 88 6
46 89 7
46 90 11
46 91 10
46 92 9
46 93 8
46 94 7
46 95 6
46 96 5
46 97 6
46 98 7
46 99 8
47 49 2
47 50 8
47 53 5
47 54 4
47 55 3
47 56 2
47 57 1
47 59 3
47 60 9
47 61 8
47 62 7
47 64 5
47 65 4
47 66 3
47 67 2
47 68 3
47 71 9
47 72 8
47 73 7
47 74 6
47 75 5
47 76 4
47 77 3
47 78 4
47 80 11
47 82 9
47 83 8
47 84 7
47 85 6
47 86 5
47 87 4
47 88 5
47 89 6
47 90 12
47 91 11
47 92 10
47 93 9
47 94 8
47 95 7
47 96 6
47 97 5
47 98 6
47 99 7
49 50 10
49 53 7
49 54 6
49 55 5
49 56 4
49 57 3
49 59 1
49 60 11
49 61 10
49 62 9
49 64 7
49 65 6
49 66 5
49 67 4
49 68 3
49 71 11
49 72 10
49 73 9
49 74 8
49 75 7
49 76 6
49 77 5
49 78 4
49 80 13
49 82 11
49 83 10
49 84 9
49 85 8
49 86 7
49 87 6
49 88 5
49 89 4
49 90 14
49 91 13
49 92 12
49 93 11
49 94 10
49 95 9
49 96 8
49 97 7
49 98 6
49 99 5
50 53 3
50 54 4
50 55 5
50 56 6
50 57 7
50 59 9
50 60 1
50 61 2
50 62 3
50 64 5
50 65 6
50 66 7
50 67 8
50 68 9
50 71 3
50 72 4
50 73 5
50 74 6
50 75 7
50 76 8
50 77 9
50 78 10
50 80 3
50 82 5
50 83 6
50 84 7
50 85 8
50 86 9
50 87 10
50 88 11
50 89 12
50 90 4
50 91 5
50 92 6
50 93 7
50 94 8
50 95 9
50 96 10
50 97 11
50 98 12
50 99 13
53 54 1
53 55 2
53 56 3
53 57 4
53 59 6
53 60 4
53 61 3
53 62 2
53 64 2
53 65 3
53 66 4
53 67 5
53 68 6
53 71 4
53 72 3
53 73 2
53 74 3
53 75 4
53 76 5
53 77 6
53 78 7
53 80 6
53 82 4
53 83 3
53 84 4
53 85 5
53 86 6
53 87 7
53 88 8
53 89 9
53 90 7
53 91 6
53 92 5
53 93 4
53 94 5
53 95 6
53 96 7
53 97 8
53 98 9
53 99 10
54 55 1
54 56 2
54 57 3
54 59 5
54 60 5
54 61 4
54 62 3
54 64 1
54 65 2
54 66 3
54 67 4
54 68 5
54 71 5
54 72 4
54 73 3
54 74 2
54 75 3
54 76 4
54 77 5
54 78 6
54 80 7
54 82 5
54 83 4
54 84 3
54 85 4
54 86 5
54 87 6
54 88 7
54 89 8
54 90 8
54 91 7
54 92 6
54 93 5
54 94 4
54 95 5
54 96 6
54 97 7
54 98 8
54 99 9
55 56 1
55 57 2
55 59 4
55 60 6
55 61 5
55 62 4
55 64 2
55 65 1
55 66 2
55 67 3
55 68 4
55 71 6
55 72 5
55 73 4
55 74 3
55 75 2
55 76 3
55 77 4
55 78 5
55 80 8
55 82 6
55 83 5
55 84 4
55 85 3
55 86 4
55 87 5
55 88 6
55 89 7
55 90 9
55 91 8
55 92 7
55 93 6
55 94 5
55 95 4
55 96 5
55 97 6
55 98 7
55 99 8
56 57 1
56 59 3
56 60 7
56 61 6
56 62 5
56 64 3
56 65 2
56 66 1
56 67 2
56 68 3
56 71 7
56 72 6
56 73 5
56 74 4
56 75 3
56 76 2
56 77 3
56 78 4
56 80 9
56 82 7
56 83 6
56 84 5
56 85 4
56 86 3
56 87 4
56 88 5
56 89 6
56 90 10
56 91 9
56 92 8
56 93 7
56 94 6
56 95 5
56 96 4
56 97 5
56 98 6
56 99 7
57 59 2
57 60 8
57 61 7
57 62 6
57 64 4
57 65 3
57 66 2
57 67 1
57 68 2
57 71 8
57 72 7
57 73 6
57 74 5
57 75 4
57 76 3
57 77 2
57 78 3
57 80 10
57 82 8
57 83 7
57 84 6
57 85 5
57 86 4
57 87 3
57 88 4
57 89 5
57 90 11
57 91 10
57 92 9
57 93 8
57 94 7
57 95 6
57 96 5
57 97 4
57 98 5
57 99 6
59 60 10
59 61 9
59 62 8
59 64 6
59 65 5
59 66 4
59 67 3
59 68 2
59 71 10
59 72 9
59 73 8
59 74 7
59 75 6
59 76 5
59 77 4
59 78 3
59 80 12
59 82 10
59 83 9
59 84 8
59 85 7
59 86 6
59 87 5
59 88 4
59 89 3
59 90 13
59 91 12
59 92 11
59 93 10
59 94 9
59 95 8
59 96 7
59 97 6
59 98 5
59 99 4
60 61 1
60 62 2
60 64 4
60 65 5
60 66 6
60 67 7
60 68 8
60 71 2
60 72 3
60 73 4
60 74 5
60 75 6
60 76 7
60 77 8
60 78 9
60 80 2
60 82 4
60 83 5
60 84 6
60 85 7
60 86 8
60 87 9
60 88 10
60 89 11
60 90 3
60 91 4
60 92 5
60 93 6
60 94 7
60 95 8
60 96 9
60 97 10
60 98 11
60 99 12
61 62 1
61 64 3
61 65 4
61 66 5
61 67 6
61 68 7
61 71 1
61 72 2
61 73 3
61 74 4
61 75 5
61 76 6
61 77 7
61 78 8
61 80 3
61 82 3
61 83 4
61 84 5
61 85 6
61 86 7
61 87 8
61 88 9
61 89 10
61 90 4
61 91 3
61 92 4
61 93 5
61 94 6
61 95 7
61 96 8
61 97 9
61 98 10
61 99 11
62 64 2
62 65 3
62 66 4
62 67 5
62 68 6
62 71 2
62 72 1
62 73 2
62 74 3
62 75 4
62 76 5
62 77 6
62 78 7
62 80 4
62 82 2
62 83 3
62 84 4
62 85 5
62 86 6
62 87 7
62 88 8
62 89 9
62 90 5
62 91 4
62 92 3
62 93 4
62 94 5
62 95 6
62 96 7
62 97 8
62 98 9
62 99 10
64 65 1
64 66 2
64 67 3
64 68 4
64 71 4
64 72 3
64 73 2
64 74 1
64 75 2
64 76 3
64 77 4
64 78 5
64 80 6
64 82 4
64 83 3
64 84 2
64 85 3
64 86 4
64 87 5
64 88 6
64 89 7
64 90 7
64 91 6
64 92 5
64 93 4
64 94 3
64 95 4
64 96 5
64 97 6
64 98 7
64 99 8
65 66 1
65 67 2
65 68 3
65 71 5
65 72 4
65 73 3
65 74 2
65 75 1
65 76 2
65 77 3
65 78 4
65 80 7
65 82 5
65 83 4
65 84 3
65 85 2
65 86 3
65 87 4
65 88 5
65 89 6
65 90 8
65 91 7
65 92 6
65 93 5
65 94 4
65 95 3
65 96 4
65 97 5
65 98 6
65 99 7
66 67 1
66 68 2
66 71 6
66 72 5
66 73 4
66 74 3
66 75 2
66 76 1
66 77 2
66 78 3
66 80 8
66 82 6
66 83 5
66 84 4
66 85 3
66 86 2
66 87 3
66 88 4
66 89 5
66 90 9
66 91 8
66 92 7
66 93 6
66 94 5
66 95 4
66 96 3
66 97 4
66 98 5
66 99 6
67 68 1
67 71 7
67 72 6
67 73 5
67 74 4
67 75 3
67 76 2
67 77 1
67 78 2
67 80 9
67 82 7
67 83 6
67 84 5
67 85 4
67 86 3
67 87 2
67 88 3
67 89 4
67 90 10
67 91 9
67 92 8
67 93 7
67 94 6
67 95 5
67 96 4
67 97 3
67 98 4
67 99 5
68 71 8
68 72 7
68 73 6
68 74 5
68 75 4
68 76 3
68 77 2
68 78 1
68 80 10
68 82 8
68 83 7
68 84 6
68 85 5
68 86 4
68 87 3
68 88 2
68 89 3
68 90 11
68 91 10
68 92 9
68 93 8
68 94 7
68 95 6
68 96 5
68 97 4
68 98 3
68 99 4
71 72 1
71 73 2
71 74 3
71 75 4
71 76 5
71 77 6
71 78 7
71 80 2
71 82 2
71 83 3
71 84 4
71 85 5
71 86 6
71 87 7
71 88 8
71 89 9
71 90 3
71 91 2
71 92 3
71 93 4
71 94 5
71 95 6
71 96 7
71 97 8
71 98 9
71 99 10
72 73 1
72 74 2
72 75 3
72 76 4
72 77 5
72 78 6
72 80 3
72 82 1
72 83 2
72 84 3
72 85 4
72 86 5
72 87 6
72 88 7
72 89 8
72 90 4
72 91 3
72 92 2
72 93 3
72 94 4
72 95 5
72 96 6
72 97 7
72 98 8
72 99 9
73 74 1
73 75 2
73 76 3
73 77 4
73 78 5
73 80 4
73 82 2
73 83 1
73 84 2
73 85 3
73 86 4
73 87 5
73 88 6
73 89 7
73 90 5
73 91 4
73 92 3
73 93 2
73 94 3
73 95 4
73 96 5
73 97 6
73 98 7
73 99 8
74 75 1
74 76 2
74 77 3
74 78 4
74 80 5
74 82 3
74 83 2
74 84 1
74 85 2
74 86 3
74 87 4
74 88 5
74 89 6
74 90 6
74 91 5
74 92 4
74 93 3
74 94 2
74 95 3
74 96 4
74 97 5
74 98 6
74 99 7
75 76 1
75 77 2
75 78 3
75 80 6
75 82 4
75 83 3
75 84 2
75 85 1
75 86 2
75 87 3
75 88 4
75 89 5
75 90 7
75 91 6
75 92 5
75 93 4
75 94 3
75 95 2
75 96 3
75 97 4
75 98 5
75 99 6
76 77 1
76 78 2
76 80 7
76 82 5
76 83 4
76 84 3
76 85 2
76 86 1
76 87 2
76 88 3
76 89 4
76 90 8
76 91 7
76 92 6
76 93 5
76 94 4
76 95 3
76 96 2
76 97 3
76 98 4
76 99 5
77 78 1
77 80 8
77 82 6
77 83 5
77 84 4
77 85 3
77 86 2
77 87 1
77 88 2
77 89 3
77 90 9
77 91 8
77 92 7
77 93 6
77 94 5
77 95 4
77 96 3
77 97 2
77 98 3
77 99 4
78 80 9
78 82 7
78 83 6
78 84 5
78 85 4
78 86 3
78 87 2
78 88 1
78 89 2
78 90 10
78 91 9
78 92 8
78 93 7
78 94 6
78 95 5
78 96 4
78 97 3
78 98 2
78 99 3
80 82 2
80 83 3
80 84 4
80 85 5
80 86 6
80 87 7
80 88 8
80 89 9
80 90 1
80 91 2
80 92 3
80 93 4
80 94 5
80 95 6
80 96 7
80 97 8
80 98 9
80 99 10
82 83 1
82 84 2
82 85 3
82 86 4
82 87 5
82 88 6
82 89 7
82 90 3
82 91 2
82 92 1
82 93 2
82 94 3
82 95 4
82 96 5
82 97 6
82 98 7
82 99 8
83 84 1
83 85 2
83 86 3
83 87 4
83 88 5
83 89 6
83 90 4
83 91 3
83 92 2
83 93 1
83 94 2
83 95 3
83 96 4
83 97 5
83 98 6
83 99 7
84 85 1
84 86 2
84 87 3
84 88 4
84 89 5
84 90 5
84 91 4
84 92 3
84 93 2
84 94 1
84 95 2
84 96 3
84 97 4
84 98 5
84 99 6
85 86 1
85 87 2
85 88 3
85 89 4
85 90 6
85 91 5
85 92 4
85 93 3
85 94 2
85 95 1
85 96 2
85 97 3
85 98 4
85 99 5
86 87 1
86 88 2
86 89 3
86 90 7
86 91 6
86 92 5
86 93 4
86 94 3
86 95 2
86 96 1
86 97 2
86 98 3
86 99 4
87 88 1
87 89 2
87 90 8
87 91 7
87 92 6
87 93 5
87 94 4
87 95 3
87 96 2
87 97 1
87 98 2
87 99 3
88 89 1
88 90 9
88 91 8
88 92 7
88 93 6
88 94 5
88 95 4
88 96 3
88 97 2
88 98 1
88 99 2
89 90 10
89 91 9
89 92 8
89 93 7
89 94 6
89 95 5
89 96 4
89 97 3
89 98 2
89 99 1
90 91 1
90 92 2
90 93 3
90 94 4
90 95 5
90 96 6
90 97 7
90 98 8
90 99 9
91 92 1
91 93 2
91 94 3
91 95 4
91 96 5
91 97 6
91 98 7
91 99 8
92 93 1
92 94 2
92 95 3
92 96 4
92 97 5
92 98 6
92 99 7
93 94 1
93 95 2
93 96 3
93 97 4
93 98 5
93 99 6
94 95 1
94 96 2
94 97 3
94 98 4
94 99 5
95 96 1
95 97 2
95 98 3
95 99 4
96 97 1
96 98 2
96 99 3
97 98 1
97 99 2
98 99 1
0 1 2
0 2 4
0 3 1
0 4 1
0 5 0
0 6 0
0 7 1
0 8 1
0 9 1
0 10 3
0 11 0
0 12 4
0 13 3
0 14 0
0 15 3
0 16 1
0 17 2
0 18 1
0 19 2
0 20 3
0 21 3
0 22 0
0 23 1
0 24 2
0 25 4
0 26 2
0 27 1
0 28 1
0 29 3
1 2 2
1 3 1
1 4 0
1 5 1
1 6 2
1 7 2
1 8 2
1 9 2
1 10 4
1 11 4
1 12 4
1 13 2
1 14 4
1 15 3
1 16 1
1 17 0
1 18 2
1 19 3
1 20 2
1 21 3
1 22 0
1 23 1
1 24 2
1 25 1
1 26 3
1 27 4
1 28 0
1 29 0
2 3 1
2 4 1
2 5 3
2 6 3
2 7 3
2 8 3
2 9 0
2 10 0
2 11 1
2 12 3
2 13 3
2 14 0
2 15 2
2 16 3
2 17 2
2 18 2
2 19 1
2 20 3
2 21 2
2 22 3
2 23 1
2 24 0
2 25 2
2 26 2
2 27 1
2 28 4
2 29 4
3 4 4
3 5 4
3 6 4
3 7 4
3 8 0
3 9 1
3 10 3
3 11 3
3 12 4
3 13 1
3 14 4
3 15 0
3 16 2
3 17 2
3 18 4
3 19 2
3 20 4
3 21 2
3 22 0
3 23 2
3 24 4
3 25 3
3 26 4
3 27 3
3 28 0
3 29 4
4 5 0
4 6 3
4 7 1
4 8 0
4 9 2
4 10 1
4 11 4
4 12 2
4 13 0
4 14 4
4 15 4
4 16 3
4 17 3
4 18 4
4 19 0
4 20 2
4 21 4
4 22 3
4 23 0
4 24 4
4 25 1
4 26 0
4 27 1
4 28 1
4 29 2
5 6 0
5 7 0
5 8 2
5 9 3
5 10 1
5 11 2
5 12 4
5 13 4
5 14 3
5 15 4
5 16 2
5 17 4
5 18 3
5 19 0
5 20 0
5 21 3
5 22 4
5 23 4
5 24 1
5 25 3
5 26 0
5 27 4
5 28 3
5 29 3
6 7 0
6 8 2
6 9 4
6 10 0
6 11 4
6 12 1
6 13 2
6 14 0
6 15 1
6 16 0
6 17 4
6 18 3
6 19 2
6 20 3
6 21 3
6 22 1
6 23 3
6 24 1
6 25 1
6 26 1
6 27 1
6 28 2
6 29 4
7 8 1
7 9 1
7 10 1
7 11 0
7 12 1
7 13 1
7 14 3
7 15 0
7 16 1
7 17 1
7 18 0
7 19 1
7 20 1
7 21 1
7 22 4
7 23 1
7 24 3
7 25 4
7 26 0
7 27 1
7 28 2
7 29 3
8 9 4
8 10 3
8 11 2
8 12 0
8 13 4
8 14 3
8 15 2
8 16 1
8 17 3
8 18 3
8 19 3
8 20 0
8 21 4
8 22 0
8 23 1
8 24 2
8 25 0
8 26 3
8 27 4
8 28 0
8 29 4
9 10 0
9 11 2
9 12 4
9 13 2
9 14 0
9 15 4
9 16 2
9 17 2
9 18 1
9 19 1
9 20 1
9 21 4
9 22 3
9 23 2
9 24 4
9 25 2
9 26 0
9 27 1
9 28 1
9 29 3
10 11 0
10 12 1
10 13 2
10 14 0
10 15 3
10 16 0
10 17 1
10 18 1
10 19 0
10 20 2
10 21 0
10 22 1
10 23 4
10 24 0
10 25 3
10 26 0
10 27 4
10 28 0
10 29 2
11 12 0
11 13 2
11 14 3
11 15 0
11 16 0
11 17 1
11 18 0
11 19 2
11 20 1
11 21 2
11 22 4
11 23 0
11 24 2
11 25 0
11 26 3
11 27 2
11 28 3
11 29 3
12 13 4
12 14 0
12 15 4
12 16 1
12 17 1
12 18 0
12 19 0
12 20 1
12 21 3
12 22 0
12 23 0
12 24 4
12 25 2
12 26 1
12 27 1
12 28 1
12 29 1
13 14 1
13 15 3
13 16 2
13 17 4
13 18 4
13 19 4
13 20 3
13 21 0
13 22 1
13 23 4
13 24 3
13 25 4
13 26 3
13 27 2
13 28 3
13 29 3
14 15 1
14 16 0
14 17 4
14 18 1
14 19 1
14 20 0
14 21 0
14 22 1
14 23 1
14 24 4
14 25 4
14 26 2
14 27 0
14 28 1
14 29 4
15 16 2
15 17 4
15 18 1
15 19 2
15 20 4
15 21 1
15 22 1
15 23 4
15 24 3
15 25 1
15 26 2
15 27 2
15 28 4
15 29 0
16 17 1
16 18 3
16 19 1
16 20 1
16 21 2
16 22 3
16 23 2
16 24 3
16 25 4
16 26 4
16 27 0
16 28 3
16 29 4
17 18 3
17 19 4
17 20 1
17 21 2
17 22 2
17 23 0
17 24 4
17 25 4
17 26 0
17 27 0
17 28 1
17 29 0
18 19 3
18 20 2
18 21 3
18 22 1
18 23 1
18 24 3
18 25 2
18 26 0
18 27 0
18 28 4
18 29 3
19 20 3
19 21 2
19 22 2
19 23 3
19 24 2
19 25 2
19 26 1
19 27 1
19 28 0
19 29 1
20 21 3
20 22 3
20 23 3
20 24 3
20 25 2
20 26 3
20 27 4
20 28 2
20 29 4
21 22 4
21 23 1
21 24 2
21 25 2
21 26 2
21 27 4
21 28 1
21 29 0
22 23 4
22 24 1
22 25 0
22 26 2
22 27 0
22 28 3
22 29 4
23 24 3
23 25 0
23 26 2
23 27 0
23 28 2
23 29 2
24 25 1
24 26 0
24 27 0
24 28 0
24 29 4
25 26 2
25 27 3
25 28 3
25 29 0
26 27 3
26 28 3
26 29 2
27 28 0
27 29 1
28 29 0
