80 30
1 2 1
1 4 3
1 5 4
1 6 5
1 9 8
1 10 2
1 11 1
1 13 3
1 16 6
1 17 7
1 19 9
1 20 3
1 21 2
1 22 3
1 23 4
1 25 6
1 26 7
1 27 8
1 28 9
1 29 10
1 30 4
1 31 3
1 32 4
1 34 6
1 37 9
1 38 10
1 41 4
1 42 5
1 43 6
1 45 8
1 46 9
1 47 10
1 48 11
1 49 12
1 50 6
1 51 5
1 52 6
1 53 7
1 54 8
1 55 9
1 56 10
1 57 11
1 58 12
1 59 13
1 61 6
1 62 7
1 63 8
1 64 9
1 65 10
1 67 12
1 68 13
1 69 14
1 70 8
1 73 9
1 74 10
1 75 11
1 76 12
1 78 14
1 79 15
1 80 9
1 81 8
1 82 9
1 83 10
1 84 11
1 85 12
1 86 13
1 87 14
1 88 15
1 89 16
1 90 10
1 91 9
1 92 10
1 93 11
1 94 12
1 95 13
1 96 14
1 97 15
1 98 16
1 99 17
2 4 2
2 5 3
2 6 4
2 9 7
2 10 3
2 11 2
2 13 2
2 16 5
2 17 6
2 19 8
2 20 4
2 21 3
2 22 2
2 23 3
2 25 5
2 26 6
2 27 7
2 28 8
2 29 9
2 30 5
2 31 4
2 32 3
2 34 5
2 37 8
2 38 9
2 41 5
2 42 4
2 43 5
2 45 7
2 46 8
2 47 9
2 48 10
2 49 11
2 50 7
2 51 6
2 52 5
2 53 6
2 54 7
2 55 8
2 56 9
2 57 10
2 58 11
2 59 12
2 61 7
2 62 6
2 63 7
2 64 8
2 65 9
2 67 11
2 68 12
2 69 13
2 70 9
2 73 8
2 74 9
2 75 10
2 76 11
2 78 13
2 79 14
2 80 10
2 81 9
2 82 8
2 83 9
2 84 10
2 85 11
2 86 12
2 87 13
2 88 14
2 89 15
2 90 11
2 91 10
2 92 9
2 93 10
2 94 11
2 95 12
2 96 13
2 97 14
2 98 15
2 99 16
4 5 1
4 6 2
4 9 5
4 10 5
4 11 4
4 13 2
4 16 3
4 17 4
4 19 6
4 20 6
4 21 5
4 22 4
4 23 3
4 25 3
4 26 4
4 27 5
4 28 6
4 29 7
4 30 7
4 31 6
4 32 5
4 34 3
4 37 6
4 38 7
4 41 7
4 42 6
4 43 5
4 45 5
4 46 6
4 47 7
4 48 8
4 49 9
4 50 9
4 51 8
4 52 7
4 53 6
4 54 5
4 55 6
4 56 7
4 57 8
4 58 9
4 59 10
4 61 9
4 62 8
4 63 7
4 64 6
4 65 7
4 67 9
4 68 10
4 69 11
4 70 11
4 73 8
4 74 7
4 75 8
4 76 9
4 78 11
4 79 12
4 80 12
4 81 11
4 82 10
4 83 9
4 84 8
4 85 9
4 86 10
4 87 11
4 88 12
4 89 13
4 90 13
4 91 12
4 92 11
4 93 10
4 94 9
4 95 10
4 96 11
4 97 12
4 98 13
4 99 14
5 6 1
5 9 4
5 10 6
5 11 5
5 13 3
5 16 2
5 17 3
5 19 5
5 20 7
5 21 6
5 22 5
5 23 4
5 25 2
5 26 3
5 27 4
5 28 5
5 29 6
5 30 8
5 31 7
5 32 6
5 34 4
5 37 5
5 38 6
5 41 8
5 42 7
5 43 6
5 45 4
5 46 5
5 47 6
5 48 7
5 49 8
5 50 10
5 51 9
5 52 8
5 53 7
5 54 6
5 55 5
5 56 6
5 57 7
5 58 8
5 59 9
5 61 10
5 62 9
5 63 8
5 64 7
5 65 6
5 67 8
5 68 9
5 69 10
5 70 12
5 73 9
5 74 8
5 75 7
5 76 8
5 78 10
5 79 11
5 80 13
5 81 12
5 82 11
5 83 10
5 84 9
5 85 8
5 86 9
5 87 10
5 88 11
5 89 12
5 90 14
5 91 13
5 92 12
5 93 11
5 94 10
5 95 9
5 96 10
5 97 11
5 98 12
5 99 13
6 9 3
6 10 7
6 11 6
6 13 4
6 16 1
6 17 2
6 19 4
6 20 8
6 21 7
6 22 6
6 23 5
6 25 3
6 26 2
6 27 3
6 28 4
6 29 5
6 30 9
6 31 8
6 32 7
6 34 5
6 37 4
6 38 5
6 41 9
6 42 8
6 43 7
6 45 5
6 46 4
6 47 5
6 48 6
6 49 7
6 50 11
6 51 10
6 52 9
6 53 8
6 54 7
6 55 6
6 56 5
6 57 6
6 58 7
6 59 8
6 61 11
6 62 10
6 63 9
6 64 8
6 65 7
6 67 7
6 68 8
6 69 9
6 70 13
6 73 10
6 74 9
6 75 8
6 76 7
6 78 9
6 79 10
6 80 14
6 81 13
6 82 12
6 83 11
6 84 10
6 85 9
6 86 8
6 87 9
6 88 10
6 89 11
6 90 15
6 91 14
6 92 13
6 93 12
6 94 11
6 95 10
6 96 9
6 97 10
6 98 11
6 99 12
9 10 10
9 11 9
9 13 7
9 16 4
9 17 3
9 19 1
9 20 11
9 21 10
9 22 9
9 23 8
9 25 6
9 26 5
9 27 4
9 28 3
9 29 2
9 30 12
9 31 11
9 32 10
9 34 8
9 37 5
9 38 4
9 41 12
9 42 11
9 43 10
9 45 8
9 46 7
9 47 6
9 48 5
9 49 4
9 50 14
9 51 13
9 52 12
9 53 11
9 54 10
9 55 9
9 56 8
9 57 7
9 58 6
9 59 5
9 61 14
9 62 13
9 63 12
9 64 11
9 65 10
9 67 8
9 68 7
9 69 6
9 70 16
9 73 13
9 74 12
9 75 11
9 76 10
9 78 8
9 79 7
9 80 17
9 81 16
9 82 15
9 83 14
9 84 13
9 85 12
9 86 11
9 87 10
9 88 9
9 89 8
9 90 18
9 91 17
9 92 16
9 93 15
9 94 14
9 95 13
9 96 12
9 97 11
9 98 10
9 99 9
10 11 1
10 13 3
10 16 6
10 17 7
10 19 9
10 20 1
10 21 2
10 22 3
10 23 4
10 25 6
10 26 7
10 27 8
10 28 9
10 29 10
10 30 2
10 31 3
10 32 4
10 34 6
10 37 9
10 38 10
10 41 4
10 42 5
10 43 6
10 45 8
10 46 9
10 47 10
10 48 11
10 49 12
10 50 4
10 51 5
10 52 6
10 53 7
10 54 8
10 55 9
10 56 10
10 57 11
10 58 12
10 59 13
10 61 6
10 62 7
10 63 8
10 64 9
10 65 10
10 67 12
10 68 13
10 69 14
10 70 6
10 73 9
10 74 10
10 75 11
10 76 12
10 78 14
10 79 15
10 80 7
10 81 8
10 82 9
10 83 10
10 84 11
10 85 12
10 86 13
10 87 14
10 88 15
10 89 16
10 90 8
10 91 9
10 92 10
10 93 11
10 94 12
10 95 13
10 96 14
10 97 15
10 98 16
10 99 17
11 13 2
11 16 5
11 17 6
11 19 8
11 20 2
11 21 1
11 22 2
11 23 3
11 25 5
11 26 6
11 27 7
11 28 8
11 29 9
11 30 3
11 31 2
11 32 3
11 34 5
11 37 8
11 38 9
11 41 3
11 42 4
11 43 5
11 45 7
11 46 8
11 47 9
11 48 10
11 49 11
11 50 5
11 51 4
11 52 5
11 53 6
11 54 7
11 55 8
11 56 9
11 57 10
11 58 11
11 59 12
11 61 5
11 62 6
11 63 7
11 64 8
11 65 9
11 67 11
11 68 12
11 69 13
11 70 7
11 73 8
11 74 9
11 75 10
11 76 11
11 78 13
11 79 14
11 80 8
11 81 7
11 82 8
11 83 9
11 84 10
11 85 11
11 86 12
11 87 13
11 88 14
11 89 15
11 90 9
11 91 8
11 92 9
11 93 10
11 94 11
11 95 12
11 96 13
11 97 14
11 98 15
11 99 16
13 16 3
13 17 4
13 19 6
13 20 4
13 21 3
13 22 2
13 23 1
13 25 3
13 26 4
13 27 5
13 28 6
13 29 7
13 30 5
13 31 4
13 32 3
13 34 3
13 37 6
13 38 7
13 41 5
13 42 4
13 43 3
13 45 5
13 46 6
13 47 7
13 48 8
13 49 9
13 50 7
13 51 6
13 52 5
13 53 4
13 54 5
13 55 6
13 56 7
13 57 8
13 58 9
13 59 10
13 61 7
13 62 6
13 63 5
13 64 6
13 65 7
13 67 9
13 68 10
13 69 11
13 70 9
13 73 6
13 74 7
13 75 8
13 76 9
13 78 11
13 79 12
13 80 10
13 81 9
13 82 8
13 83 7
13 84 8
13 85 9
13 86 10
13 87 11
13 88 12
13 89 13
13 90 11
13 91 10
13 92 9
13 93 8
13 94 9
13 95 10
13 96 11
13 97 12
13 98 13
13 99 14
16 17 1
16 19 3
16 20 7
16 21 6
16 22 5
16 23 4
16 25 2
16 26 1
16 27 2
16 28 3
16 29 4
16 30 8
16 31 7
16 32 6
16 34 4
16 37 3
16 38 4
16 41 8
16 42 7
16 43 6
16 45 4
16 46 3
16 47 4
16 48 5
16 49 6
16 50 10
16 51 9
16 52 8
16 53 7
16 54 6
16 55 5
16 56 4
16 57 5
16 58 6
16 59 7
16 61 10
16 62 9
16 63 8
16 64 7
16 65 6
16 67 6
16 68 7
16 69 8
16 70 12
16 73 9
16 74 8
16 75 7
16 76 6
16 78 8
16 79 9
16 80 13
16 81 12
16 82 11
16 83 10
16 84 9
16 85 8
16 86 7
16 87 8
16 88 9
16 89 10
16 90 14
16 91 13
16 92 12
16 93 11
16 94 10
16 95 9
16 96 8
16 97 9
16 98 10
16 99 11
17 19 2
17 20 8
17 21 7
17 22 6
17 23 5
17 25 3
17 26 2
17 27 1
17 28 2
17 29 3
17 30 9
17 31 8
17 32 7
17 34 5
17 37 2
17 38 3
17 41 9
17 42 8
17 43 7
17 45 5
17 46 4
17 47 3
17 48 4
17 49 5
17 50 11
17 51 10
17 52 9
17 53 8
17 54 7
17 55 6
17 56 5
17 57 4
17 58 5
17 59 6
17 61 11
17 62 10
17 63 9
17 64 8
17 65 7
17 67 5
17 68 6
17 69 7
17 70 13
17 73 10
17 74 9
17 75 8
17 76 7
17 78 7
17 79 8
17 80 14
17 81 13
17 82 12
17 83 11
17 84 10
17 85 9
17 86 8
17 87 7
17 88 8
17 89 9
17 90 15
17 91 14
17 92 13
17 93 12
17 94 11
17 95 10
17 96 9
17 97 8
17 98 9
17 99 10
19 20 10
19 21 9
19 22 8
19 23 7
19 25 5
19 26 4
19 27 3
19 28 2
19 29 1
19 30 11
19 31 10
19 32 9
19 34 7
19 37 4
19 38 3
19 41 11
19 42 10
19 43 9
19 45 7
19 46 6
19 47 5
19 48 4
19 49 3
19 50 13
19 51 12
19 52 11
19 53 10
19 54 9
19 55 8
19 56 7
19 57 6
19 58 5
19 59 4
19 61 13
19 62 12
19 63 11
19 64 10
19 65 9
19 67 7
19 68 6
19 69 5
19 70 15
19 73 12
19 74 11
19 75 10
19 76 9
19 78 7
19 79 6
19 80 16
19 81 15
19 82 14
19 83 13
19 84 12
19 85 11
19 86 10
19 87 9
19 88 8
19 89 7
19 90 17
19 91 16
19 92 15
19 93 14
19 94 13
19 95 12
19 96 11
19 97 10
19 98 9
19 99 8
20 21 1
20 22 2
20 23 3
20 25 5
20 26 6
20 27 7
20 28 8
20 29 9
20 30 1
20 31 2
20 32 3
20 34 5
20 37 8
20 38 9
20 41 3
20 42 4
20 43 5
20 45 7
20 46 8
20 47 9
20 48 10
20 49 11
20 50 3
20 51 4
20 52 5
20 53 6
20 54 7
20 55 8
20 56 9
20 57 10
20 58 11
20 59 12
20 61 5
20 62 6
20 63 7
20 64 8
20 65 9
20 67 11
20 68 12
20 69 13
20 70 5
20 73 8
20 74 9
20 75 10
20 76 11
20 78 13
20 79 14
20 80 6
20 81 7
20 82 8
20 83 9
20 84 10
20 85 11
20 86 12
20 87 13
20 88 14
20 89 15
20 90 7
20 91 8
20 92 9
20 93 10
20 94 11
20 95 12
20 96 13
20 97 14
20 98 15
20 99 16
21 22 1
21 23 2
21 25 4
21 26 5
21 27 6
21 28 7
21 29 8
21 30 2
21 31 1
21 32 2
21 34 4
21 37 7
21 38 8
21 41 2
21 42 3
21 43 4
21 45 6
21 46 7
21 47 8
21 48 9
21 49 10
21 50 4
21 51 3
21 52 4
21 53 5
21 54 6
21 55 7
21 56 8
21 57 9
21 58 10
21 59 11
21 61 4
21 62 5
21 63 6
21 64 7
21 65 8
21 67 10
21 68 11
21 69 12
21 70 6
21 73 7
21 74 8
21 75 9
21 76 10
21 78 12
21 79 13
21 80 7
21 81 6
21 82 7
21 83 8
21 84 9
21 85 10
21 86 11
21 87 12
21 88 13
21 89 14
21 90 8
21 91 7
21 92 8
21 93 9
21 94 10
21 95 11
21 96 12
21 97 13
21 98 14
21 99 15
22 23 1
22 25 3
22 26 4
22 27 5
22 28 6
22 29 7
22 30 3
22 31 2
22 32 1
22 34 3
22 37 6
22 38 7
22 41 3
22 42 2
22 43 3
22 45 5
22 46 6
22 47 7
22 48 8
22 49 9
22 50 5
22 51 4
22 52 3
22 53 4
22 54 5
22 55 6
22 56 7
22 57 8
22 58 9
22 59 10
22 61 5
22 62 4
22 63 5
22 64 6
22 65 7
22 67 9
22 68 10
22 69 11
22 70 7
22 73 6
22 74 7
22 75 8
22 76 9
22 78 11
22 79 12
22 80 8
22 81 7
22 82 6
22 83 7
22 84 8
22 85 9
22 86 10
22 87 11
22 88 12
22 89 13
22 90 9
22 91 8
22 92 7
22 93 8
22 94 9
22 95 10
22 96 11
22 97 12
22 98 13
22 99 14
23 25 2
23 26 3
23 27 4
23 28 5
23 29 6
23 30 4
23 31 3
23 32 2
23 34 2
23 37 5
23 38 6
23 41 4
23 42 3
23 43 2
23 45 4
23 46 5
23 47 6
23 48 7
23 49 8
23 50 6
23 51 5
23 52 4
23 53 3
23 54 4
23 55 5
23 56 6
23 57 7
23 58 8
23 59 9
23 61 6
23 62 5
23 63 4
23 64 5
23 65 6
23 67 8
23 68 9
23 69 10
23 70 8
23 73 5
23 74 6
23 75 7
23 76 8
23 78 10
23 79 11
23 80 9
23 81 8
23 82 7
23 83 6
23 84 7
23 85 8
23 86 9
23 87 10
23 88 11
23 89 12
23 90 10
23 91 9
23 92 8
23 93 7
23 94 8
23 95 9
23 96 10
23 97 11
23 98 12
23 99 13
25 26 1
25 27 2
25 28 3
25 29 4
25 30 6
25 31 5
25 32 4
25 34 2
25 37 3
25 38 4
25 41 6
25 42 5
25 43 4
25 45 2
25 46 3
25 47 4
25 48 5
25 49 6
25 50 8
25 51 7
25 52 6
25 53 5
25 54 4
25 55 3
25 56 4
25 57 5
25 58 6
25 59 7
25 61 8
25 62 7
25 63 6
25 64 5
25 65 4
25 67 6
25 68 7
25 69 8
25 70 10
25 73 7
25 74 6
25 75 5
25 76 6
25 78 8
25 79 9
25 80 11
25 81 10
25 82 9
25 83 8
25 84 7
25 85 6
25 86 7
25 87 8
25 88 9
25 89 10
25 90 12
25 91 11
25 92 10
25 93 9
25 94 8
25 95 7
25 96 8
25 97 9
25 98 10
25 99 11
26 27 1
26 28 2
26 29 3
26 30 7
26 31 6
26 32 5
26 34 3
26 37 2
26 38 3
26 41 7
26 42 6
26 43 5
26 45 3
26 46 2
26 47 3
26 48 4
26 49 5
26 50 9
26 51 8
26 52 7
26 53 6
26 54 5
26 55 4
26 56 3
26 57 4
26 58 5
26 59 6
26 61 9
26 62 8
26 63 7
26 64 6
26 65 5
26 67 5
26 68 6
26 69 7
26 70 11
26 73 8
26 74 7
26 75 6
26 76 5
26 78 7
26 79 8
26 80 12
26 81 11
26 82 10
26 83 9
26 84 8
26 85 7
26 86 6
26 87 7
26 88 8
26 89 9
26 90 13
26 91 12
26 92 11
26 93 10
26 94 9
26 95 8
26 96 7
26 97 8
26 98 9
26 99 10
27 28 1
27 29 2
27 30 8
27 31 7
27 32 6
27 34 4
27 37 1
27 38 2
27 41 8
27 42 7
27 43 6
27 45 4
27 46 3
27 47 2
27 48 3
27 49 4
27 50 10
27 51 9
27 52 8
27 53 7
27 54 6
27 55 5
27 56 4
27 57 3
27 58 4
27 59 5
27 61 10
27 62 9
27 63 8
27 64 7
27 65 6
27 67 4
27 68 5
27 69 6
27 70 12
27 73 9
27 74 8
27 75 7
27 76 6
27 78 6
27 79 7
27 80 13
27 81 12
27 82 11
27 83 10
27 84 9
27 85 8
27 86 7
27 87 6
27 88 7
27 89 8
27 90 14
27 91 13
27 92 12
27 93 11
27 94 10
27 95 9
27 96 8
27 97 7
27 98 8
27 99 9
28 29 1
28 30 9
28 31 8
28 32 7
28 34 5
28 37 2
28 38 1
28 41 9
28 42 8
28 43 7
28 45 5
28 46 4
28 47 3
28 48 2
28 49 3
28 50 11
28 51 10
28 52 9
28 53 8
28 54 7
28 55 6
28 56 5
28 57 4
28 58 3
28 59 4
28 61 11
28 62 10
28 63 9
28 64 8
28 65 7
28 67 5
28 68 4
28 69 5
28 70 13
28 73 10
28 74 9
28 75 8
28 76 7
28 78 5
28 79 6
28 80 14
28 81 13
28 82 12
28 83 11
28 84 10
28 85 9
28 86 8
28 87 7
28 88 6
28 89 7
28 90 15
28 91 14
28 92 13
28 93 12
28 94 11
28 95 10
28 96 9
28 97 8
28 98 7
28 99 8
29 30 10
29 31 9
29 32 8
29 34 6
29 37 3
29 38 2
29 41 10
29 42 9
29 43 8
29 45 6
29 46 5
29 47 4
29 48 3
29 49 2
29 50 12
29 51 11
29 52 10
29 53 9
29 54 8
29 55 7
29 56 6
29 57 5
29 58 4
29 59 3
29 61 12
29 62 11
29 63 10
29 64 9
29 65 8
29 67 6
29 68 5
29 69 4
29 70 14
29 73 11
29 74 10
29 75 9
29 76 8
29 78 6
29 79 5
29 80 15
29 81 14
29 82 13
29 83 12
29 84 11
29 85 10
29 86 9
29 87 8
29 88 7
29 89 6
29 90 16
29 91 15
29 92 14
29 93 13
29 94 12
29 95 11
29 96 10
29 97 9
29 98 8
29 99 7
30 31 1
30 32 2
30 34 4
30 37 7
30 38 8
30 41 2
30 42 3
30 43 4
30 45 6
30 46 7
30 47 8
30 48 9
30 49 10
30 50 2
30 51 3
30 52 4
30 53 5
30 54 6
30 55 7
30 56 8
30 57 9
30 58 10
30 59 11
30 61 4
30 62 5
30 63 6
30 64 7
30 65 8
30 67 10
30 68 11
30 69 12
30 70 4
30 73 7
30 74 8
30 75 9
30 76 10
30 78 12
30 79 13
30 80 5
30 81 6
30 82 7
30 83 8
30 84 9
30 85 10
30 86 11
30 87 12
30 88 13
30 89 14
30 90 6
30 91 7
30 92 8
30 93 9
30 94 10
30 95 11
30 96 12
30 97 13
30 98 14
30 99 15
31 32 1
31 34 3
31 37 6
31 38 7
31 41 1
31 42 2
31 43 3
31 45 5
31 46 6
31 47 7
31 48 8
31 49 9
31 50 3
31 51 2
31 52 3
31 53 4
31 54 5
31 55 6
31 56 7
31 57 8
31 58 9
31 59 10
31 61 3
31 62 4
31 63 5
31 64 6
31 65 7
31 67 9
31 68 10
31 69 11
31 70 5
31 73 6
31 74 7
31 75 8
31 76 9
31 78 11
31 79 12
31 80 6
31 81 5
31 82 6
31 83 7
31 84 8
31 85 9
31 86 10
31 87 11
31 88 12
31 89 13
31 90 7
31 91 6
31 92 7
31 93 8
31 94 9
31 95 10
31 96 11
31 97 12
31 98 13
31 99 14
32 34 2
32 37 5
32 38 6
32 41 2
32 42 1
32 43 2
32 45 4
32 46 5
32 47 6
32 48 7
32 49 8
32 50 4
32 51 3
32 52 2
32 53 3
32 54 4
32 55 5
32 56 6
32 57 7
32 58 8
32 59 9
32 61 4
32 62 3
32 63 4
32 64 5
32 65 6
32 67 8
32 68 9
32 69 10
32 70 6
32 73 5
32 74 6
32 75 7
32 76 8
32 78 10
32 79 11
32 80 7
32 81 6
32 82 5
32 83 6
32 84 7
32 85 8
32 86 9
32 87 10
32 88 11
32 89 12
32 90 8
32 91 7
32 92 6
32 93 7
32 94 8
32 95 9
32 96 10
32 97 11
32 98 12
32 99 13
34 37 3
34 38 4
34 41 4
34 42 3
34 43 2
34 45 2
34 46 3
34 47 4
34 48 5
34 49 6
34 50 6
34 51 5
34 52 4
34 53 3
34 54 2
34 55 3
34 56 4
34 57 5
34 58 6
34 59 7
34 61 6
34 62 5
34 63 4
34 64 3
34 65 4
34 67 6
34 68 7
34 69 8
34 70 8
34 73 5
34 74 4
34 75 5
34 76 6
34 78 8
34 79 9
34 80 9
34 81 8
34 82 7
34 83 6
34 84 5
34 85 6
34 86 7
34 87 8
34 88 9
34 89 10
34 90 10
34 91 9
34 92 8
34 93 7
34 94 6
34 95 7
34 96 8
34 97 9
34 98 10
34 99 11
37 38 1
37 41 7
37 42 6
37 43 5
37 45 3
37 46 2
37 47 1
37 48 2
37 49 3
37 50 9
37 51 8
37 52 7
37 53 6
37 54 5
37 55 4
37 56 3
37 57 2
37 58 3
37 59 4
37 61 9
37 62 8
37 63 7
37 64 6
37 65 5
37 67 3
37 68 4
37 69 5
37 70 11
37 73 8
37 74 7
37 75 6
37 76 5
37 78 5
37 79 6
37 80 12
37 81 11
37 82 10
37 83 9
37 84 8
37 85 7
37 86 6
37 87 5
37 88 6
37 89 7
37 90 13
37 91 12
37 92 11
37 93 10
37 94 9
37 95 8
37 96 7
37 97 6
37 98 7
37 99 8
38 41 8
38 42 7
38 43 6
38 45 4
38 46 3
38 47 2
38 48 1
38 49 2
38 50 10
38 51 9
38 52 8
38 53 7
38 54 6
38 55 5
38 56 4
38 57 3
38 58 2
38 59 3
38 61 10
38 62 9
38 63 8
38 64 7
38 65 6
38 67 4
38 68 3
38 69 4
38 70 12
38 73 9
38 74 8
38 75 7
38 76 6
38 78 4
38 79 5
38 80 13
38 81 12
38 82 11
38 83 10
38 84 9
38 85 8
38 86 7
38 87 6
38 88 5
38 89 6
38 90 14
38 91 13
38 92 12
38 93 11
38 94 10
38 95 9
38 96 8
38 97 7
38 98 6
38 99 7
41 42 1
41 43 2
41 45 4
41 46 5
41 47 6
41 48 7
41 49 8
41 50 2
41 51 1
41 52 2
41 53 3
41 54 4
41 55 5
41 56 6
41 57 7
41 58 8
41 59 9
41 61 2
41 62 3
41 63 4
41 64 5
41 65 6
41 67 8
41 68 9
41 69 10
41 70 4
41 73 5
41 74 6
41 75 7
41 76 8
41 78 10
41 79 11
41 80 5
41 81 4
41 82 5
41 83 6
41 84 7
41 85 8
41 86 9
41 87 10
41 88 11
41 89 12
41 90 6
41 91 5
41 92 6
41 93 7
41 94 8
41 95 9
41 96 10
41 97 11
41 98 12
41 99 13
42 43 1
42 45 3
42 46 4
42 47 5
42 48 6
42 49 7
42 50 3
42 51 2
42 52 1
42 53 2
42 54 3
42 55 4
42 56 5
42 57 6
42 58 7
42 59 8
42 61 3
42 62 2
42 63 3
42 64 4
42 65 5
42 67 7
42 68 8
42 69 9
42 70 5
42 73 4
42 74 5
42 75 6
42 76 7
42 78 9
42 79 10
42 80 6
42 81 5
42 82 4
42 83 5
42 84 6
42 85 7
42 86 8
42 87 9
42 88 10
42 89 11
42 90 7
42 91 6
42 92 5
42 93 6
42 94 7
42 95 8
42 96 9
42 97 10
42 98 11
42 99 12
43 45 2
43 46 3
43 47 4
43 48 5
43 49 6
43 50 4
43 51 3
43 52 2
43 53 1
43 54 2
43 55 3
43 56 4
43 57 5
43 58 6
43 59 7
43 61 4
43 62 3
43 63 2
43 64 3
43 65 4
43 67 6
43 68 7
43 69 8
43 70 6
43 73 3
43 74 4
43 75 5
43 76 6
43 78 8
43 79 9
43 80 7
43 81 6
43 82 5
43 83 4
43 84 5
43 85 6
43 86 7
43 87 8
43 88 9
43 89 10
43 90 8
43 91 7
43 92 6
43 93 5
43 94 6
43 95 7
43 96 8
43 97 9
43 98 10
43 99 11
45 46 1
45 47 2
45 48 3
45 49 4
45 50 6
45 51 5
45 52 4
45 53 3
45 54 2
45 55 1
45 56 2
45 57 3
45 58 4
45 59 5
45 61 6
45 62 5
45 63 4
45 64 3
45 65 2
45 67 4
45 68 5
45 69 6
45 70 8
45 73 5
45 74 4
45 75 3
45 76 4
45 78 6
45 79 7
45 80 9
45 81 8
45 82 7
45 83 6
45 84 5
45 85 4
45 86 5
45 87 6
45 88 7
45 89 8
45 90 10
45 91 9
45 92 8
45 93 7
45 94 6
45 95 5
45 96 6
45 97 7
45 98 8
45 99 9
46 47 1
46 48 2
46 49 3
46 50 7
46 51 6
46 52 5
46 53 4
46 54 3
46 55 2
46 56 1
46 57 2
46 58 3
46 59 4
46 61 7
46 62 6
46 63 5
46 64 4
46 65 3
46 67 3
46 68 4
46 69 5
46 70 9
46 73 6
46 74 5
46 75 4
46 76 3
46 78 5
46 79 6
46 80 10
46 81 9
46 82 8
46 83 7
46 84 6
46 85 5
46 86 4
46 87 5
46 88 6
46 89 7
46 90 11
46 91 10
46 92 9
46 93 8
46 94 7
46 95 6
46 96 5
46 97 6
46 98 7
46 99 8
47 48 1
47 49 2
47 50 8
47 51 7
47 52 6
47 53 5
47 54 4
47 55 3
47 56 2
47 57 1
47 58 2
47 59 3
47 61 8
47 62 7
47 63 6
47 64 5
47 65 4
47 67 2
47 68 3
47 69 4
47 70 10
47 73 7
47 74 6
47 75 5
47 76 4
47 78 4
47 79 5
47 80 11
47 81 10
47 82 9
47 83 8
47 84 7
47 85 6
47 86 5
47 87 4
47 88 5
47 89 6
47 90 12
47 91 11
47 92 10
47 93 9
47 94 8
47 95 7
47 96 6
47 97 5
47 98 6
47 99 7
48 49 1
48 50 9
48 51 8
48 52 7
48 53 6
48 54 5
48 55 4
48 56 3
48 57 2
48 58 1
48 59 2
48 61 9
48 62 8
48 63 7
48 64 6
48 65 5
48 67 3
48 68 2
48 69 3
48 70 11
48 73 8
48 74 7
48 75 6
48 76 5
48 78 3
48 79 4
48 80 12
48 81 11
48 82 10
48 83 9
48 84 8
48 85 7
48 86 6
48 87 5
48 88 4
48 89 5
48 90 13
48 91 12
48 92 11
48 93 10
48 94 9
48 95 8
48 96 7
48 97 6
48 98 5
48 99 6
49 50 10
49 51 9
49 52 8
49 53 7
49 54 6
49 55 5
49 56 4
49 57 3
49 58 2
49 59 1
49 61 10
49 62 9
49 63 8
49 64 7
49 65 6
49 67 4
49 68 3
49 69 2
49 70 12
49 73 9
49 74 8
49 75 7
49 76 6
49 78 4
49 79 3
49 80 13
49 81 12
49 82 11
49 83 10
49 84 9
49 85 8
49 86 7
49 87 6
49 88 5
49 89 4
49 90 14
49 91 13
49 92 12
49 93 11
49 94 10
49 95 9
49 96 8
49 97 7
49 98 6
49 99 5
50 51 1
50 52 2
50 53 3
50 54 4
50 55 5
50 56 6
50 57 7
50 58 8
50 59 9
50 61 2
50 62 3
50 63 4
50 64 5
50 65 6
50 67 8
50 68 9
50 69 10
50 70 2
50 73 5
50 74 6
50 75 7
50 76 8
50 78 10
50 79 11
50 80 3
50 81 4
50 82 5
50 83 6
50 84 7
50 85 8
50 86 9
50 87 10
50 88 11
50 89 12
50 90 4
50 91 5
50 92 6
50 93 7
50 94 8
50 95 9
50 96 10
50 97 11
50 98 12
50 99 13
51 52 1
51 53 2
51 54 3
51 55 4
51 56 5
51 57 6
51 58 7
51 59 8
51 61 1
51 62 2
51 63 3
51 64 4
51 65 5
51 67 7
51 68 8
51 69 9
51 70 3
51 73 4
51 74 5
51 75 6
51 76 7
51 78 9
51 79 10
51 80 4
51 81 3
51 82 4
51 83 5
51 84 6
51 85 7
51 86 8
51 87 9
51 88 10
51 89 11
51 90 5
51 91 4
51 92 5
51 93 6
51 94 7
51 95 8
51 96 9
51 97 10
51 98 11
51 99 12
52 53 1
52 54 2
52 55 3
52 56 4
52 57 5
52 58 6
52 59 7
52 61 2
52 62 1
52 63 2
52 64 3
52 65 4
52 67 6
52 68 7
52 69 8
52 70 4
52 73 3
52 74 4
52 75 5
52 76 6
52 78 8
52 79 9
52 80 5
52 81 4
52 82 3
52 83 4
52 84 5
52 85 6
52 86 7
52 87 8
52 88 9
52 89 10
52 90 6
52 91 5
52 92 4
52 93 5
52 94 6
52 95 7
52 96 8
52 97 9
52 98 10
52 99 11
53 54 1
53 55 2
53 56 3
53 57 4
53 58 5
53 59 6
53 61 3
53 62 2
53 63 1
53 64 2
53 65 3
53 67 5
53 68 6
53 69 7
53 70 5
53 73 2
53 74 3
53 75 4
53 76 5
53 78 7
53 79 8
53 80 6
53 81 5
53 82 4
53 83 3
53 84 4
53 85 5
53 86 6
53 87 7
53 88 8
53 89 9
53 90 7
53 91 6
53 92 5
53 93 4
53 94 5
53 95 6
53 96 7
53 97 8
53 98 9
53 99 10
54 55 1
54 56 2
54 57 3
54 58 4
54 59 5
54 61 4
54 62 3
54 63 2
54 64 1
54 65 2
54 67 4
54 68 5
54 69 6
54 70 6
54 73 3
54 74 2
54 75 3
54 76 4
54 78 6
54 79 7
54 80 7
54 81 6
54 82 5
54 83 4
54 84 3
54 85 4
54 86 5
54 87 6
54 88 7
54 89 8
54 90 8
54 91 7
54 92 6
54 93 5
54 94 4
54 95 5
54 96 6
54 97 7
54 98 8
54 99 9
55 56 1
55 57 2
55 58 3
55 59 4
55 61 5
55 62 4
55 63 3
55 64 2
55 65 1
55 67 3
55 68 4
55 69 5
55 70 7
55 73 4
55 74 3
55 75 2
55 76 3
55 78 5
55 79 6
55 80 8
55 81 7
55 82 6
55 83 5
55 84 4
55 85 3
55 86 4
55 87 5
55 88 6
55 89 7
55 90 9
55 91 8
55 92 7
55 93 6
55 94 5
55 95 4
55 96 5
55 97 6
55 98 7
55 99 8
56 57 1
56 58 2
56 59 3
56 61 6
56 62 5
56 63 4
56 64 3
56 65 2
56 67 2
56 68 3
56 69 4
56 70 8
56 73 5
56 74 4
56 75 3
56 76 2
56 78 4
56 79 5
56 80 9
56 81 8
56 82 7
56 83 6
56 84 5
56 85 4
56 86 3
56 87 4
56 88 5
56 89 6
56 90 10
56 91 9
56 92 8
56 93 7
56 94 6
56 95 5
56 96 4
56 97 5
56 98 6
56 99 7
57 58 1
57 59 2
57 61 7
57 62 6
57 63 5
57 64 4
57 65 3
57 67 1
57 68 2
57 69 3
57 70 9
57 73 6
57 74 5
57 75 4
57 76 3
57 78 3
57 79 4
57 80 10
57 81 9
57 82 8
57 83 7
57 84 6
57 85 5
57 86 4
57 87 3
57 88 4
57 89 5
57 90 11
57 91 10
57 92 9
57 93 8
57 94 7
57 95 6
57 96 5
57 97 4
57 98 5
57 99 6
58 59 1
58 61 8
58 62 7
58 63 6
58 64 5
58 65 4
58 67 2
58 68 1
58 69 2
58 70 10
58 73 7
58 74 6
58 75 5
58 76 4
58 78 2
58 79 3
58 80 11
58 81 10
58 82 9
58 83 8
58 84 7
58 85 6
58 86 5
58 87 4
58 88 3
58 89 4
58 90 12
58 91 11
58 92 10
58 93 9
58 94 8
58 95 7
58 96 6
58 97 5
58 98 4
58 99 5
59 61 9
59 62 8
59 63 7
59 64 6
59 65 5
59 67 3
59 68 2
59 69 1
59 70 11
59 73 8
59 74 7
59 75 6
59 76 5
59 78 3
59 79 2
59 80 12
59 81 11
59 82 10
59 83 9
59 84 8
59 85 7
59 86 6
59 87 5
59 88 4
59 89 3
59 90 13
59 91 12
59 92 11
59 93 10
59 94 9
59 95 8
59 96 7
59 97 6
59 98 5
59 99 4
61 62 1
61 63 2
61 64 3
61 65 4
61 67 6
61 68 7
61 69 8
61 70 2
61 73 3
61 74 4
61 75 5
61 76 6
61 78 8
61 79 9
61 80 3
61 81 2
61 82 3
61 83 4
61 84 5
61 85 6
61 86 7
61 87 8
61 88 9
61 89 10
61 90 4
61 91 3
61 92 4
61 93 5
61 94 6
61 95 7
61 96 8
61 97 9
61 98 10
61 99 11
62 63 1
62 64 2
62 65 3
62 67 5
62 68 6
62 69 7
62 70 3
62 73 2
62 74 3
62 75 4
62 76 5
62 78 7
62 79 8
62 80 4
62 81 3
62 82 2
62 83 3
62 84 4
62 85 5
62 86 6
62 87 7
62 88 8
62 89 9
62 90 5
62 91 4
62 92 3
62 93 4
62 94 5
62 95 6
62 96 7
62 97 8
62 98 9
62 99 10
63 64 1
63 65 2
63 67 4
63 68 5
63 69 6
63 70 4
63 73 1
63 74 2
63 75 3
63 76 4
63 78 6
63 79 7
63 80 5
63 81 4
63 82 3
63 83 2
63 84 3
63 85 4
63 86 5
63 87 6
63 88 7
63 89 8
63 90 6
63 91 5
63 92 4
63 93 3
63 94 4
63 95 5
63 96 6
63 97 7
63 98 8
63 99 9
64 65 1
64 67 3
64 68 4
64 69 5
64 70 5
64 73 2
64 74 1
64 75 2
64 76 3
64 78 5
64 79 6
64 80 6
64 81 5
64 82 4
64 83 3
64 84 2
64 85 3
64 86 4
64 87 5
64 88 6
64 89 7
64 90 7
64 91 6
64 92 5
64 93 4
64 94 3
64 95 4
64 96 5
64 97 6
64 98 7
64 99 8
65 67 2
65 68 3
65 69 4
65 70 6
65 73 3
65 74 2
65 75 1
65 76 2
65 78 4
65 79 5
65 80 7
65 81 6
65 82 5
65 83 4
65 84 3
65 85 2
65 86 3
65 87 4
65 88 5
65 89 6
65 90 8
65 91 7
65 92 6
65 93 5
65 94 4
65 95 3
65 96 4
65 97 5
65 98 6
65 99 7
67 68 1
67 69 2
67 70 8
67 73 5
67 74 4
67 75 3
67 76 2
67 78 2
67 79 3
67 80 9
67 81 8
67 82 7
67 83 6
67 84 5
67 85 4
67 86 3
67 87 2
67 88 3
67 89 4
67 90 10
67 91 9
67 92 8
67 93 7
67 94 6
67 95 5
67 96 4
67 97 3
67 98 4
67 99 5
68 69 1
68 70 9
68 73 6
68 74 5
68 75 4
68 76 3
68 78 1
68 79 2
68 80 10
68 81 9
68 82 8
68 83 7
68 84 6
68 85 5
68 86 4
68 87 3
68 88 2
68 89 3
68 90 11
68 91 10
68 92 9
68 93 8
68 94 7
68 95 6
68 96 5
68 97 4
68 98 3
68 99 4
69 70 10
69 73 7
69 74 6
69 75 5
69 76 4
69 78 2
69 79 1
69 80 11
69 81 10
69 82 9
69 83 8
69 84 7
69 85 6
69 86 5
69 87 4
69 88 3
69 89 2
69 90 12
69 91 11
69 92 10
69 93 9
69 94 8
69 95 7
69 96 6
69 97 5
69 98 4
69 99 3
70 73 3
70 74 4
70 75 5
70 76 6
70 78 8
70 79 9
70 80 1
70 81 2
70 82 3
70 83 4
70 84 5
70 85 6
70 86 7
70 87 8
70 88 9
70 89 10
70 90 2
70 91 3
70 92 4
70 93 5
70 94 6
70 95 7
70 96 8
70 97 9
70 98 10
70 99 11
73 74 1
73 75 2
73 76 3
73 78 5
73 79 6
73 80 4
73 81 3
73 82 2
73 83 1
73 84 2
73 85 3
73 86 4
73 87 5
73 88 6
73 89 7
73 90 5
73 91 4
73 92 3
73 93 2
73 94 3
73 95 4
73 96 5
73 97 6
73 98 7
73 99 8
74 75 1
74 76 2
74 78 4
74 79 5
74 80 5
74 81 4
74 82 3
74 83 2
74 84 1
74 85 2
74 86 3
74 87 4
74 88 5
74 89 6
74 90 6
74 91 5
74 92 4
74 93 3
74 94 2
74 95 3
74 96 4
74 97 5
74 98 6
74 99 7
75 76 1
75 78 3
75 79 4
75 80 6
75 81 5
75 82 4
75 83 3
75 84 2
75 85 1
75 86 2
75 87 3
75 88 4
75 89 5
75 90 7
75 91 6
75 92 5
75 93 4
75 94 3
75 95 2
75 96 3
75 97 4
75 98 5
75 99 6
76 78 2
76 79 3
76 80 7
76 81 6
76 82 5
76 83 4
76 84 3
76 85 2
76 86 1
76 87 2
76 88 3
76 89 4
76 90 8
76 91 7
76 92 6
76 93 5
76 94 4
76 95 3
76 96 2
76 97 3
76 98 4
76 99 5
78 79 1
78 80 9
78 81 8
78 82 7
78 83 6
78 84 5
78 85 4
78 86 3
78 87 2
78 88 1
78 89 2
78 90 10
78 91 9
78 92 8
78 93 7
78 94 6
78 95 5
78 96 4
78 97 3
78 98 2
78 99 3
79 80 10
79 81 9
79 82 8
79 83 7
79 84 6
79 85 5
79 86 4
79 87 3
79 88 2
79 89 1
79 90 11
79 91 10
79 92 9
79 93 8
79 94 7
79 95 6
79 96 5
79 97 4
79 98 3
79 99 2
80 81 1
80 82 2
80 83 3
80 84 4
80 85 5
80 86 6
80 87 7
80 88 8
80 89 9
80 90 1
80 91 2
80 92 3
80 93 4
80 94 5
80 95 6
80 96 7
80 97 8
80 98 9
80 99 10
81 82 1
81 83 2
81 84 3
81 85 4
81 86 5
81 87 6
81 88 7
81 89 8
81 90 2
81 91 1
81 92 2
81 93 3
81 94 4
81 95 5
81 96 6
81 97 7
81 98 8
81 99 9
82 83 1
82 84 2
82 85 3
82 86 4
82 87 5
82 88 6
82 89 7
82 90 3
82 91 2
82 92 1
82 93 2
82 94 3
82 95 4
82 96 5
82 97 6
82 98 7
82 99 8
83 84 1
83 85 2
83 86 3
83 87 4
83 88 5
83 89 6
83 90 4
83 91 3
83 92 2
83 93 1
83 94 2
83 95 3
83 96 4
83 97 5
83 98 6
83 99 7
84 85 1
84 86 2
84 87 3
84 88 4
84 89 5
84 90 5
84 91 4
84 92 3
84 93 2
84 94 1
84 95 2
84 96 3
84 97 4
84 98 5
84 99 6
85 86 1
85 87 2
85 88 3
85 89 4
85 90 6
85 91 5
85 92 4
85 93 3
85 94 2
85 95 1
85 96 2
85 97 3
85 98 4
85 99 5
86 87 1
86 88 2
86 89 3
86 90 7
86 91 6
86 92 5
86 93 4
86 94 3
86 95 2
86 96 1
86 97 2
86 98 3
86 99 4
87 88 1
87 89 2
87 90 8
87 91 7
87 92 6
87 93 5
87 94 4
87 95 3
87 96 2
87 97 1
87 98 2
87 99 3
88 89 1
88 90 9
88 91 8
88 92 7
88 93 6
88 94 5
88 95 4
88 96 3
88 97 2
88 98 1
88 99 2
89 90 10
89 91 9
89 92 8
89 93 7
89 94 6
89 95 5
89 96 4
89 97 3
89 98 2
89 99 1
90 91 1
90 92 2
90 93 3
90 94 4
90 95 5
90 96 6
90 97 7
90 98 8
90 99 9
91 92 1
91 93 2
91 94 3
91 95 4
91 96 5
91 97 6
91 98 7
91 99 8
92 93 1
92 94 2
92 95 3
92 96 4
92 97 5
92 98 6
92 99 7
93 94 1
93 95 2
93 96 3
93 97 4
93 98 5
93 99 6
94 95 1
94 96 2
94 97 3
94 98 4
94 99 5
95 96 1
95 97 2
95 98 3
95 99 4
96 97 1
96 98 2
96 99 3
97 98 1
97 99 2
98 99 1
0 1 1
0 2 3
0 3 4
0 4 3
0 5 0
0 6 4
0 7 3
0 8 4
0 9 3
0 10 0
0 11 0
0 12 0
0 13 2
0 14 0
0 15 0
0 16 0
0 17 4
0 18 2
0 19 4
0 20 0
0 21 0
0 22 2
0 23 2
0 24 4
0 25 3
0 26 2
0 27 3
0 28 3
0 29 4
1 2 2
1 3 1
1 4 0
1 5 0
1 6 0
1 7 3
1 8 1
1 9 4
1 10 2
1 11 0
1 12 3
1 13 2
1 14 1
1 15 3
1 16 0
1 17 2
1 18 3
1 19 0
1 20 2
1 21 1
1 22 0
1 23 2
1 24 1
1 25 2
1 26 0
1 27 1
1 28 0
1 29 2
2 3 4
2 4 3
2 5 1
2 6 1
2 7 4
2 8 1
2 9 2
2 10 4
2 11 0
2 12 4
2 13 4
2 14 2
2 15 0
2 16 2
2 17 0
2 18 1
2 19 1
2 20 0
2 21 3
2 22 4
2 23 0
2 24 0
2 25 1
2 26 0
2 27 3
2 28 2
2 29 3
3 4 3
3 5 3
3 6 3
3 7 0
3 8 3
3 9 2
3 10 2
3 11 0
3 12 1
3 13 3
3 14 3
3 15 1
3 16 4
3 17 2
3 18 1
3 19 2
3 20 2
3 21 3
3 22 2
3 23 4
3 24 4
3 25 3
3 26 3
3 27 4
3 28 4
3 29 3
4 5 1
4 6 0
4 7 2
4 8 3
4 9 3
4 10 0
4 11 2
4 12 1
4 13 1
4 14 0
4 15 4
4 16 3
4 17 0
4 18 1
4 19 2
4 20 4
4 21 2
4 22 2
4 23 1
4 24 3
4 25 4
4 26 4
4 27 2
4 28 2
4 29 3
5 6 2
5 7 0
5 8 1
5 9 2
5 10 4
5 11 0
5 12 3
5 13 0
5 14 2
5 15 2
5 16 3
5 17 3
5 18 4
5 19 0
5 20 0
5 21 0
5 22 4
5 23 4
5 24 1
5 25 0
5 26 2
5 27 0
5 28 3
5 29 4
6 7 2
6 8 1
6 9 4
6 10 1
6 11 4
6 12 1
6 13 0
6 14 2
6 15 2
6 16 1
6 17 4
6 18 2
6 19 2
6 20 2
6 21 2
6 22 0
6 23 4
6 24 0
6 25 4
6 26 4
6 27 1
6 28 4
6 29 0
7 8 0
7 9 4
7 10 1
7 11 0
7 12 1
7 13 2
7 14 3
7 15 1
7 16 4
7 17 0
7 18 0
7 19 1
7 20 0
7 21 2
7 22 1
7 23 2
7 24 4
7 25 2
7 26 1
7 27 2
7 28 0
7 29 4
8 9 0
8 10 0
8 11 4
8 12 1
8 13 4
8 14 3
8 15 2
8 16 4
8 17 3
8 18 2
8 19 3
8 20 0
8 21 3
8 22 0
8 23 3
8 24 1
8 25 1
8 26 2
8 27 2
8 28 1
8 29 3
9 10 2
9 11 3
9 12 4
9 13 4
9 14 3
9 15 2
9 16 1
9 17 1
9 18 3
9 19 0
9 20 1
9 21 3
9 22 0
9 23 2
9 24 3
9 25 4
9 26 4
9 27 3
9 28 3
9 29 2
10 11 1
10 12 3
10 13 0
10 14 2
10 15 1
10 16 2
10 17 3
10 18 4
10 19 4
10 20 0
10 21 2
10 22 1
10 23 3
10 24 2
10 25 1
10 26 2
10 27 0
10 28 3
10 29 4
11 12 3
11 13 4
11 14 0
11 15 2
11 16 4
11 17 3
11 18 0
11 19 3
11 20 3
11 21 3
11 22 1
11 23 0
11 24 0
11 25 0
11 26 1
11 27 2
11 28 1
11 29 3
12 13 1
12 14 1
12 15 3
12 16 1
12 17 4
12 18 0
12 19 0
12 20 1
12 21 2
12 22 3
12 23 2
12 24 0
12 25 2
12 26 0
12 27 4
12 28 3
12 29 3
13 14 4
13 15 1
13 16 3
13 17 2
13 18 0
13 19 2
13 20 3
13 21 1
13 22 3
13 23 4
13 24 2
13 25 1
13 26 0
13 27 1
13 28 2
13 29 2
14 15 4
14 16 4
14 17 1
14 18 4
14 19 4
14 20 2
14 21 1
14 22 2
14 23 0
14 24 2
14 25 4
14 26 0
14 27 1
14 28 2
14 29 4
15 16 0
15 17 4
15 18 2
15 19 3
15 20 4
15 21 0
15 22 2
15 23 0
15 24 4
15 25 1
15 26 2
15 27 1
15 28 2
15 29 4
16 17 3
16 18 4
16 19 3
16 20 3
16 21 0
16 22 3
16 23 2
16 24 3
16 25 0
16 26 4
16 27 3
16 28 2
16 29 4
17 18 4
17 19 4
17 20 2
17 21 3
17 22 0
17 23 1
17 24 1
17 25 3
17 26 0
17 27 2
17 28 0
17 29 0
18 19 1
18 20 1
18 21 3
18 22 2
18 23 4
18 24 2
18 25 1
18 26 3
18 27 1
18 28 4
18 29 4
19 20 0
19 21 1
19 22 2
19 23 0
19 24 1
19 25 0
19 26 3
19 27 1
19 28 0
19 29 2
20 21 3
20 22 3
20 23 2
20 24 4
20 25 0
20 26 1
20 27 0
20 28 2
20 29 1
21 22 1
21 23 3
21 24 3
21 25 0
21 26 1
21 27 3
21 28 3
21 29 2
22 23 1
22 24 4
22 25 2
22 26 0
22 27 4
22 28 4
22 29 3
23 24 0
23 25 1
23 26 4
23 27 3
23 28 2
23 29 4
24 25 1
24 26 1
24 27 2
24 28 4
24 29 1
25 26 2
25 27 0
25 28 1
25 29 0
26 27 2
26 28 2
26 29 3
27 28 1
27 29 3
28 29 0
