80 30
0 1 1
0 2 2
0 3 3
0 5 5
0 6 6
0 7 7
0 8 8
0 9 9
0 11 2
0 12 3
0 13 4
0 15 6
0 16 7
0 17 8
0 18 9
0 19 10
0 20 2
0 21 3
0 23 5
0 25 7
0 27 9
0 29 11
0 30 3
0 31 4
0 32 5
0 33 6
0 34 7
0 35 8
0 36 9
0 38 11
0 39 12
0 40 4
0 41 5
0 42 6
0 43 7
0 44 8
0 45 9
0 47 11
0 48 12
0 49 13
0 52 7
0 53 8
0 54 9
0 56 11
0 57 12
0 58 13
0 60 6
0 61 7
0 62 8
0 63 9
0 64 10
0 66 12
0 67 13
0 68 14
0 69 15
0 70 7
0 71 8
0 73 10
0 75 12
0 76 13
0 77 14
0 78 15
0 79 16
0 80 8
0 81 9
0 82 10
0 84 12
0 85 13
0 86 14
0 87 15
0 88 16
0 89 17
0 90 9
0 92 11
0 93 12
0 94 13
0 95 14
0 96 15
0 98 17
1 2 1
1 3 2
1 5 4
1 6 5
1 7 6
1 8 7
1 9 8
1 11 1
1 12 2
1 13 3
1 15 5
1 16 6
1 17 7
1 18 8
1 19 9
1 20 3
1 21 2
1 23 4
1 25 6
1 27 8
1 29 10
1 30 4
1 31 3
1 32 4
1 33 5
1 34 6
1 35 7
1 36 8
1 38 10
1 39 11
1 40 5
1 41 4
1 42 5
1 43 6
1 44 7
1 45 8
1 47 10
1 48 11
1 49 12
1 52 6
1 53 7
1 54 8
1 56 10
1 57 11
1 58 12
1 60 7
1 61 6
1 62 7
1 63 8
1 64 9
1 66 11
1 67 12
1 68 13
1 69 14
1 70 8
1 71 7
1 73 9
1 75 11
1 76 12
1 77 13
1 78 14
1 79 15
1 80 9
1 81 8
1 82 9
1 84 11
1 85 12
1 86 13
1 87 14
1 88 15
1 89 16
1 90 10
1 92 10
1 93 11
1 94 12
1 95 13
1 96 14
1 98 16
2 3 1
2 5 3
2 6 4
2 7 5
2 8 6
2 9 7
2 11 2
2 12 1
2 13 2
2 15 4
2 16 5
2 17 6
2 18 7
2 19 8
2 20 4
2 21 3
2 23 3
2 25 5
2 27 7
2 29 9
2 30 5
2 31 4
2 32 3
2 33 4
2 34 5
2 35 6
2 36 7
2 38 9
2 39 10
2 40 6
2 41 5
2 42 4
2 43 5
2 44 6
2 45 7
2 47 9
2 48 10
2 49 11
2 52 5
2 53 6
2 54 7
2 56 9
2 57 10
2 58 11
2 60 8
2 61 7
2 62 6
2 63 7
2 64 8
2 66 10
2 67 11
2 68 12
2 69 13
2 70 9
2 71 8
2 73 8
2 75 10
2 76 11
2 77 12
2 78 13
2 79 14
2 80 10
2 81 9
2 82 8
2 84 10
2 85 11
2 86 12
2 87 13
2 88 14
2 89 15
2 90 11
2 92 9
2 93 10
2 94 11
2 95 12
2 96 13
2 98 15
3 5 2
3 6 3
3 7 4
3 8 5
3 9 6
3 11 3
3 12 2
3 13 1
3 15 3
3 16 4
3 17 5
3 18 6
3 19 7
3 20 5
3 21 4
3 23 2
3 25 4
3 27 6
3 29 8
3 30 6
3 31 5
3 32 4
3 33 3
3 34 4
3 35 5
3 36 6
3 38 8
3 39 9
3 40 7
3 41 6
3 42 5
3 43 4
3 44 5
3 45 6
3 47 8
3 48 9
3 49 10
3 52 6
3 53 5
3 54 6
3 56 8
3 57 9
3 58 10
3 60 9
3 61 8
3 62 7
3 63 6
3 64 7
3 66 9
3 67 10
3 68 11
3 69 12
3 70 10
3 71 9
3 73 7
3 75 9
3 76 10
3 77 11
3 78 12
3 79 13
3 80 11
3 81 10
3 82 9
3 84 9
3 85 10
3 86 11
3 87 12
3 88 13
3 89 14
3 90 12
3 92 10
3 93 9
3 94 10
3 95 11
3 96 12
3 98 14
5 6 1
5 7 2
5 8 3
5 9 4
5 11 5
5 12 4
5 13 3
5 15 1
5 16 2
5 17 3
5 18 4
5 19 5
5 20 7
5 21 6
5 23 4
5 25 2
5 27 4
5 29 6
5 30 8
5 31 7
5 32 6
5 33 5
5 34 4
5 35 3
5 36 4
5 38 6
5 39 7
5 40 9
5 41 8
5 42 7
5 43 6
5 44 5
5 45 4
5 47 6
5 48 7
5 49 8
5 52 8
5 53 7
5 54 6
5 56 6
5 57 7
5 58 8
5 60 11
5 61 10
5 62 9
5 63 8
5 64 7
5 66 7
5 67 8
5 68 9
5 69 10
5 70 12
5 71 11
5 73 9
5 75 7
5 76 8
5 77 9
5 78 10
5 79 11
5 80 13
5 81 12
5 82 11
5 84 9
5 85 8
5 86 9
5 87 10
5 88 11
5 89 12
5 90 14
5 92 12
5 93 11
5 94 10
5 95 9
5 96 10
5 98 12
6 7 1
6 8 2
6 9 3
6 11 6
6 12 5
6 13 4
6 15 2
6 16 1
6 17 2
6 18 3
6 19 4
6 20 8
6 21 7
6 23 5
6 25 3
6 27 3
6 29 5
6 30 9
6 31 8
6 32 7
6 33 6
6 34 5
6 35 4
6 36 3
6 38 5
6 39 6
6 40 10
6 41 9
6 42 8
6 43 7
6 44 6
6 45 5
6 47 5
6 48 6
6 49 7
6 52 9
6 53 8
6 54 7
6 56 5
6 57 6
6 58 7
6 60 12
6 61 11
6 62 10
6 63 9
6 64 8
6 66 6
6 67 7
6 68 8
6 69 9
6 70 13
6 71 12
6 73 10
6 75 8
6 76 7
6 77 8
6 78 9
6 79 10
6 80 14
6 81 13
6 82 12
6 84 10
6 85 9
6 86 8
6 87 9
6 88 10
6 89 11
6 90 15
6 92 13
6 93 12
6 94 11
6 95 10
6 96 9
6 98 11
7 8 1
7 9 2
7 11 7
7 12 6
7 13 5
7 15 3
7 16 2
7 17 1
7 18 2
7 19 3
7 20 9
7 21 8
7 23 6
7 25 4
7 27 2
7 29 4
7 30 10
7 31 9
7 32 8
7 33 7
7 34 6
7 35 5
7 36 4
7 38 4
7 39 5
7 40 11
7 41 10
7 42 9
7 43 8
7 44 7
7 45 6
7 47 4
7 48 5
7 49 6
7 52 10
7 53 9
7 54 8
7 56 6
7 57 5
7 58 6
7 60 13
7 61 12
7 62 11
7 63 10
7 64 9
7 66 7
7 67 6
7 68 7
7 69 8
7 70 14
7 71 13
7 73 11
7 75 9
7 76 8
7 77 7
7 78 8
7 79 9
7 80 15
7 81 14
7 82 13
7 84 11
7 85 10
7 86 9
7 87 8
7 88 9
7 89 10
7 90 16
7 92 14
7 93 13
7 94 12
7 95 11
7 96 10
7 98 10
8 9 1
8 11 8
8 12 7
8 13 6
8 15 4
8 16 3
8 17 2
8 18 1
8 19 2
8 20 10
8 21 9
8 23 7
8 25 5
8 27 3
8 29 3
8 30 11
8 31 10
8 32 9
8 33 8
8 34 7
8 35 6
8 36 5
8 38 3
8 39 4
8 40 12
8 41 11
8 42 10
8 43 9
8 44 8
8 45 7
8 47 5
8 48 4
8 49 5
8 52 11
8 53 10
8 54 9
8 56 7
8 57 6
8 58 5
8 60 14
8 61 13
8 62 12
8 63 11
8 64 10
8 66 8
8 67 7
8 68 6
8 69 7
8 70 15
8 71 14
8 73 12
8 75 10
8 76 9
8 77 8
8 78 7
8 79 8
8 80 16
8 81 15
8 82 14
8 84 12
8 85 11
8 86 10
8 87 9
8 88 8
8 89 9
8 90 17
8 92 15
8 93 14
8 94 13
8 95 12
8 96 11
8 98 9
9 11 9
9 12 8
9 13 7
9 15 5
9 16 4
9 17 3
9 18 2
9 19 1
9 20 11
9 21 10
9 23 8
9 25 6
9 27 4
9 29 2
9 30 12
9 31 11
9 32 10
9 33 9
9 34 8
9 35 7
9 36 6
9 38 4
9 39 3
9 40 13
9 41 12
9 42 11
9 43 10
9 44 9
9 45 8
9 47 6
9 48 5
9 49 4
9 52 12
9 53 11
9 54 10
9 56 8
9 57 7
9 58 6
9 60 15
9 61 14
9 62 13
9 63 12
9 64 11
9 66 9
9 67 8
9 68 7
9 69 6
9 70 16
9 71 15
9 73 13
9 75 11
9 76 10
9 77 9
9 78 8
9 79 7
9 80 17
9 81 16
9 82 15
9 84 13
9 85 12
9 86 11
9 87 10
9 88 9
9 89 8
9 90 18
9 92 16
9 93 15
9 94 14
9 95 13
9 96 12
9 98 10
11 12 1
11 13 2
11 15 4
11 16 5
11 17 6
11 18 7
11 19 8
11 20 2
11 21 1
11 23 3
11 25 5
11 27 7
11 29 9
11 30 3
11 31 2
11 32 3
11 33 4
11 34 5
11 35 6
11 36 7
11 38 9
11 39 10
11 40 4
11 41 3
11 42 4
11 43 5
11 44 6
11 45 7
11 47 9
11 48 10
11 49 11
11 52 5
11 53 6
11 54 7
11 56 9
11 57 10
11 58 11
11 60 6
11 61 5
11 62 6
11 63 7
11 64 8
11 66 10
11 67 11
11 68 12
11 69 13
11 70 7
11 71 6
11 73 8
11 75 10
11 76 11
11 77 12
11 78 13
11 79 14
11 80 8
11 81 7
11 82 8
11 84 10
11 85 11
11 86 12
11 87 13
11 88 14
11 89 15
11 90 9
11 92 9
11 93 10
11 94 11
11 95 12
11 96 13
11 98 15
12 13 1
12 15 3
12 16 4
12 17 5
12 18 6
12 19 7
12 20 3
12 21 2
12 23 2
12 25 4
12 27 6
12 29 8
12 30 4
12 31 3
12 32 2
12 33 3
12 34 4
12 35 5
12 36 6
12 38 8
12 39 9
12 40 5
12 41 4
12 42 3
12 43 4
12 44 5
12 45 6
12 47 8
12 48 9
12 49 10
12 52 4
12 53 5
12 54 6
12 56 8
12 57 9
12 58 10
12 60 7
12 61 6
12 62 5
12 63 6
12 64 7
12 66 9
12 67 10
12 68 11
12 69 12
12 70 8
12 71 7
12 73 7
12 75 9
12 76 10
12 77 11
12 78 12
12 79 13
12 80 9
12 81 8
12 82 7
12 84 9
12 85 10
12 86 11
12 87 12
12 88 13
12 89 14
12 90 10
12 92 8
12 93 9
12 94 10
12 95 11
12 96 12
12 98 14
13 15 2
13 16 3
13 17 4
13 18 5
13 19 6
13 20 4
13 21 3
13 23 1
13 25 3
13 27 5
13 29 7
13 30 5
13 31 4
13 32 3
13 33 2
13 34 3
13 35 4
13 36 5
13 38 7
13 39 8
13 40 6
13 41 5
13 42 4
13 43 3
13 44 4
13 45 5
13 47 7
13 48 8
13 49 9
13 52 5
13 53 4
13 54 5
13 56 7
13 57 8
13 58 9
13 60 8
13 61 7
13 62 6
13 63 5
13 64 6
13 66 8
13 67 9
13 68 10
13 69 11
13 70 9
13 71 8
13 73 6
13 75 8
13 76 9
13 77 10
13 78 11
13 79 12
13 80 10
13 81 9
13 82 8
13 84 8
13 85 9
13 86 10
13 87 11
13 88 12
13 89 13
13 90 11
13 92 9
13 93 8
13 94 9
13 95 10
13 96 11
13 98 13
15 16 1
15 17 2
15 18 3
15 19 4
15 20 6
15 21 5
15 23 3
15 25 1
15 27 3
15 29 5
15 30 7
15 31 6
15 32 5
15 33 4
15 34 3
15 35 2
15 36 3
15 38 5
15 39 6
15 40 8
15 41 7
15 42 6
15 43 5
15 44 4
15 45 3
15 47 5
15 48 6
15 49 7
15 52 7
15 53 6
15 54 5
15 56 5
15 57 6
15 58 7
15 60 10
15 61 9
15 62 8
15 63 7
15 64 6
15 66 6
15 67 7
15 68 8
15 69 9
15 70 11
15 71 10
15 73 8
15 75 6
15 76 7
15 77 8
15 78 9
15 79 10
15 80 12
15 81 11
15 82 10
15 84 8
15 85 7
15 86 8
15 87 9
15 88 10
15 89 11
15 90 13
15 92 11
15 93 10
15 94 9
15 95 8
15 96 9
15 98 11
16 17 1
16 18 2
16 19 3
16 20 7
16 21 6
16 23 4
16 25 2
16 27 2
16 29 4
16 30 8
16 31 7
16 32 6
16 33 5
16 34 4
16 35 3
16 36 2
16 38 4
16 39 5
16 40 9
16 41 8
16 42 7
16 43 6
16 44 5
16 45 4
16 47 4
16 48 5
16 49 6
16 52 8
16 53 7
16 54 6
16 56 4
16 57 5
16 58 6
16 60 11
16 61 10
16 62 9
16 63 8
16 64 7
16 66 5
16 67 6
16 68 7
16 69 8
16 70 12
16 71 11
16 73 9
16 75 7
16 76 6
16 77 7
16 78 8
16 79 9
16 80 13
16 81 12
16 82 11
16 84 9
16 85 8
16 86 7
16 87 8
16 88 9
16 89 10
16 90 14
16 92 12
16 93 11
16 94 10
16 95 9
16 96 8
16 98 10
17 18 1
17 19 2
17 20 8
17 21 7
17 23 5
17 25 3
17 27 1
17 29 3
17 30 9
17 31 8
17 32 7
17 33 6
17 34 5
17 35 4
17 36 3
17 38 3
17 39 4
17 40 10
17 41 9
17 42 8
17 43 7
17 44 6
17 45 5
17 47 3
17 48 4
17 49 5
17 52 9
17 53 8
17 54 7
17 56 5
17 57 4
17 58 5
17 60 12
17 61 11
17 62 10
17 63 9
17 64 8
17 66 6
17 67 5
17 68 6
17 69 7
17 70 13
17 71 12
17 73 10
17 75 8
17 76 7
17 77 6
17 78 7
17 79 8
17 80 14
17 81 13
17 82 12
17 84 10
17 85 9
17 86 8
17 87 7
17 88 8
17 89 9
17 90 15
17 92 13
17 93 12
17 94 11
17 95 10
17 96 9
17 98 9
18 19 1
18 20 9
18 21 8
18 23 6
18 25 4
18 27 2
18 29 2
18 30 10
18 31 9
18 32 8
18 33 7
18 34 6
18 35 5
18 36 4
18 38 2
18 39 3
18 40 11
18 41 10
18 42 9
18 43 8
18 44 7
18 45 6
18 47 4
18 48 3
18 49 4
18 52 10
18 53 9
18 54 8
18 56 6
18 57 5
18 58 4
18 60 13
18 61 12
18 62 11
18 63 10
18 64 9
18 66 7
18 67 6
18 68 5
18 69 6
18 70 14
18 71 13
18 73 11
18 75 9
18 76 8
18 77 7
18 78 6
18 79 7
18 80 15
18 81 14
18 82 13
18 84 11
18 85 10
18 86 9
18 87 8
18 88 7
18 89 8
18 90 16
18 92 14
18 93 13
18 94 12
18 95 11
18 96 10
18 98 8
19 20 10
19 21 9
19 23 7
19 25 5
19 27 3
19 29 1
19 30 11
19 31 10
19 32 9
19 33 8
19 34 7
19 35 6
19 36 5
19 38 3
19 39 2
19 40 12
19 41 11
19 42 10
19 43 9
19 44 8
19 45 7
19 47 5
19 48 4
19 49 3
19 52 11
19 53 10
19 54 9
19 56 7
19 57 6
19 58 5
19 60 14
19 61 13
19 62 12
19 63 11
19 64 10
19 66 8
19 67 7
19 68 6
19 69 5
19 70 15
19 71 14
19 73 12
19 75 10
19 76 9
19 77 8
19 78 7
19 79 6
19 80 16
19 81 15
19 82 14
19 84 12
19 85 11
19 86 10
19 87 9
19 88 8
19 89 7
19 90 17
19 92 15
19 93 14
19 94 13
19 95 12
19 96 11
19 98 9
20 21 1
20 23 3
20 25 5
20 27 7
20 29 9
20 30 1
20 31 2
20 32 3
20 33 4
20 34 5
20 35 6
20 36 7
20 38 9
20 39 10
20 40 2
20 41 3
20 42 4
20 43 5
20 44 6
20 45 7
20 47 9
20 48 10
20 49 11
20 52 5
20 53 6
20 54 7
20 56 9
20 57 10
20 58 11
20 60 4
20 61 5
20 62 6
20 63 7
20 64 8
20 66 10
20 67 11
20 68 12
20 69 13
20 70 5
20 71 6
20 73 8
20 75 10
20 76 11
20 77 12
20 78 13
20 79 14
20 80 6
20 81 7
20 82 8
20 84 10
20 85 11
20 86 12
20 87 13
20 88 14
20 89 15
20 90 7
20 92 9
20 93 10
20 94 11
20 95 12
20 96 13
20 98 15
21 23 2
21 25 4
21 27 6
21 29 8
21 30 2
21 31 1
21 32 2
21 33 3
21 34 4
21 35 5
21 36 6
21 38 8
21 39 9
21 40 3
21 41 2
21 42 3
21 43 4
21 44 5
21 45 6
21 47 8
21 48 9
21 49 10
21 52 4
21 53 5
21 54 6
21 56 8
21 57 9
21 58 10
21 60 5
21 61 4
21 62 5
21 63 6
21 64 7
21 66 9
21 67 10
21 68 11
21 69 12
21 70 6
21 71 5
21 73 7
21 75 9
21 76 10
21 77 11
21 78 12
21 79 13
21 80 7
21 81 6
21 82 7
21 84 9
21 85 10
21 86 11
21 87 12
21 88 13
21 89 14
21 90 8
21 92 8
21 93 9
21 94 10
21 95 11
21 96 12
21 98 14
23 25 2
23 27 4
23 29 6
23 30 4
23 31 3
23 32 2
23 33 1
23 34 2
23 35 3
23 36 4
23 38 6
23 39 7
23 40 5
23 41 4
23 42 3
23 43 2
23 44 3
23 45 4
23 47 6
23 48 7
23 49 8
23 52 4
23 53 3
23 54 4
23 56 6
23 57 7
23 58 8
23 60 7
23 61 6
23 62 5
23 63 4
23 64 5
23 66 7
23 67 8
23 68 9
23 69 10
23 70 8
23 71 7
23 73 5
23 75 7
23 76 8
23 77 9
23 78 10
23 79 11
23 80 9
23 81 8
23 82 7
23 84 7
23 85 8
23 86 9
23 87 10
23 88 11
23 89 12
23 90 10
23 92 8
23 93 7
23 94 8
23 95 9
23 96 10
23 98 12
25 27 2
25 29 4
25 30 6
25 31 5
25 32 4
25 33 3
25 34 2
25 35 1
25 36 2
25 38 4
25 39 5
25 40 7
25 41 6
25 42 5
25 43 4
25 44 3
25 45 2
25 47 4
25 48 5
25 49 6
25 52 6
25 53 5
25 54 4
25 56 4
25 57 5
25 58 6
25 60 9
25 61 8
25 62 7
25 63 6
25 64 5
25 66 5
25 67 6
25 68 7
25 69 8
25 70 10
25 71 9
25 73 7
25 75 5
25 76 6
25 77 7
25 78 8
25 79 9
25 80 11
25 81 10
25 82 9
25 84 7
25 85 6
25 86 7
25 87 8
25 88 9
25 89 10
25 90 12
25 92 10
25 93 9
25 94 8
25 95 7
25 96 8
25 98 10
27 29 2
27 30 8
27 31 7
27 32 6
27 33 5
27 34 4
27 35 3
27 36 2
27 38 2
27 39 3
27 40 9
27 41 8
27 42 7
27 43 6
27 44 5
27 45 4
27 47 2
27 48 3
27 49 4
27 52 8
27 53 7
27 54 6
27 56 4
27 57 3
27 58 4
27 60 11
27 61 10
27 62 9
27 63 8
27 64 7
27 66 5
27 67 4
27 68 5
27 69 6
27 70 12
27 71 11
27 73 9
27 75 7
27 76 6
27 77 5
27 78 6
27 79 7
27 80 13
27 81 12
27 82 11
27 84 9
27 85 8
27 86 7
27 87 6
27 88 7
27 89 8
27 90 14
27 92 12
27 93 11
27 94 10
27 95 9
27 96 8
27 98 8
29 30 10
29 31 9
29 32 8
29 33 7
29 34 6
29 35 5
29 36 4
29 38 2
29 39 1
29 40 11
29 41 10
29 42 9
29 43 8
29 44 7
29 45 6
29 47 4
29 48 3
29 49 2
29 52 10
29 53 9
29 54 8
29 56 6
29 57 5
29 58 4
29 60 13
29 61 12
29 62 11
29 63 10
29 64 9
29 66 7
29 67 6
29 68 5
29 69 4
29 70 14
29 71 13
29 73 11
29 75 9
29 76 8
29 77 7
29 78 6
29 79 5
29 80 15
29 81 14
29 82 13
29 84 11
29 85 10
29 86 9
29 87 8
29 88 7
29 89 6
29 90 16
29 92 14
29 93 13
29 94 12
29 95 11
29 96 10
29 98 8
30 31 1
30 32 2
30 33 3
30 34 4
30 35 5
30 36 6
30 38 8
30 39 9
30 40 1
30 41 2
30 42 3
30 43 4
30 44 5
30 45 6
30 47 8
30 48 9
30 49 10
30 52 4
30 53 5
30 54 6
30 56 8
30 57 9
30 58 10
30 60 3
30 61 4
30 62 5
30 63 6
30 64 7
30 66 9
30 67 10
30 68 11
30 69 12
30 70 4
30 71 5
30 73 7
30 75 9
30 76 10
30 77 11
30 78 12
30 79 13
30 80 5
30 81 6
30 82 7
30 84 9
30 85 10
30 86 11
30 87 12
30 88 13
30 89 14
30 90 6
30 92 8
30 93 9
30 94 10
30 95 11
30 96 12
30 98 14
31 32 1
31 33 2
31 34 3
31 35 4
31 36 5
31 38 7
31 39 8
31 40 2
31 41 1
31 42 2
31 43 3
31 44 4
31 45 5
31 47 7
31 48 8
31 49 9
31 52 3
31 53 4
31 54 5
31 56 7
31 57 8
31 58 9
31 60 4
31 61 3
31 62 4
31 63 5
31 64 6
31 66 8
31 67 9
31 68 10
31 69 11
31 70 5
31 71 4
31 73 6
31 75 8
31 76 9
31 77 10
31 78 11
31 79 12
31 80 6
31 81 5
31 82 6
31 84 8
31 85 9
31 86 10
31 87 11
31 88 12
31 89 13
31 90 7
31 92 7
31 93 8
31 94 9
31 95 10
31 96 11
31 98 13
32 33 1
32 34 2
32 35 3
32 36 4
32 38 6
32 39 7
32 40 3
32 41 2
32 42 1
32 43 2
32 44 3
32 45 4
32 47 6
32 48 7
32 49 8
32 52 2
32 53 3
32 54 4
32 56 6
32 57 7
32 58 8
32 60 5
32 61 4
32 62 3
32 63 4
32 64 5
32 66 7
32 67 8
32 68 9
32 69 10
32 70 6
32 71 5
32 73 5
32 75 7
32 76 8
32 77 9
32 78 10
32 79 11
32 80 7
32 81 6
32 82 5
32 84 7
32 85 8
32 86 9
32 87 10
32 88 11
32 89 12
32 90 8
32 92 6
32 93 7
32 94 8
32 95 9
32 96 10
32 98 12
33 34 1
33 35 2
33 36 3
33 38 5
33 39 6
33 40 4
33 41 3
33 42 2
33 43 1
33 44 2
33 45 3
33 47 5
33 48 6
33 49 7
33 52 3
33 53 2
33 54 3
33 56 5
33 57 6
33 58 7
33 60 6
33 61 5
33 62 4
33 63 3
33 64 4
33 66 6
33 67 7
33 68 8
33 69 9
33 70 7
33 71 6
33 73 4
33 75 6
33 76 7
33 77 8
33 78 9
33 79 10
33 80 8
33 81 7
33 82 6
33 84 6
33 85 7
33 86 8
33 87 9
33 88 10
33 89 11
33 90 9
33 92 7
33 93 6
33 94 7
33 95 8
33 96 9
33 98 11
34 35 1
34 36 2
34 38 4
34 39 5
34 40 5
34 41 4
34 42 3
34 43 2
34 44 1
34 45 2
34 47 4
34 48 5
34 49 6
34 52 4
34 53 3
34 54 2
34 56 4
34 57 5
34 58 6
34 60 7
34 61 6
34 62 5
34 63 4
34 64 3
34 66 5
34 67 6
34 68 7
34 69 8
34 70 8
34 71 7
34 73 5
34 75 5
34 76 6
34 77 7
34 78 8
34 79 9
34 80 9
34 81 8
34 82 7
34 84 5
34 85 6
34 86 7
34 87 8
34 88 9
34 89 10
34 90 10
34 92 8
34 93 7
34 94 6
34 95 7
34 96 8
34 98 10
35 36 1
35 38 3
35 39 4
35 40 6
35 41 5
35 42 4
35 43 3
35 44 2
35 45 1
35 47 3
35 48 4
35 49 5
35 52 5
35 53 4
35 54 3
35 56 3
35 57 4
35 58 5
35 60 8
35 61 7
35 62 6
35 63 5
35 64 4
35 66 4
35 67 5
35 68 6
35 69 7
35 70 9
35 71 8
35 73 6
35 75 4
35 76 5
35 77 6
35 78 7
35 79 8
35 80 10
35 81 9
35 82 8
35 84 6
35 85 5
35 86 6
35 87 7
35 88 8
35 89 9
35 90 11
35 92 9
35 93 8
35 94 7
35 95 6
35 96 7
35 98 9
36 38 2
36 39 3
36 40 7
36 41 6
36 42 5
36 43 4
36 44 3
36 45 2
36 47 2
36 48 3
36 49 4
36 52 6
36 53 5
36 54 4
36 56 2
36 57 3
36 58 4
36 60 9
36 61 8
36 62 7
36 63 6
36 64 5
36 66 3
36 67 4
36 68 5
36 69 6
36 70 10
36 71 9
36 73 7
36 75 5
36 76 4
36 77 5
36 78 6
36 79 7
36 80 11
36 81 10
36 82 9
36 84 7
36 85 6
36 86 5
36 87 6
36 88 7
36 89 8
36 90 12
36 92 10
36 93 9
36 94 8
36 95 7
36 96 6
36 98 8
38 39 1
38 40 9
38 41 8
38 42 7
38 43 6
38 44 5
38 45 4
38 47 2
38 48 1
38 49 2
38 52 8
38 53 7
38 54 6
38 56 4
38 57 3
38 58 2
38 60 11
38 61 10
38 62 9
38 63 8
38 64 7
38 66 5
38 67 4
38 68 3
38 69 4
38 70 12
38 71 11
38 73 9
38 75 7
38 76 6
38 77 5
38 78 4
38 79 5
38 80 13
38 81 12
38 82 11
38 84 9
38 85 8
38 86 7
38 87 6
38 88 5
38 89 6
38 90 14
38 92 12
38 93 11
38 94 10
38 95 9
38 96 8
38 98 6
39 40 10
39 41 9
39 42 8
39 43 7
39 44 6
39 45 5
39 47 3
39 48 2
39 49 1
39 52 9
39 53 8
39 54 7
39 56 5
39 57 4
39 58 3
39 60 12
39 61 11
39 62 10
39 63 9
39 64 8
39 66 6
39 67 5
39 68 4
39 69 3
39 70 13
39 71 12
39 73 10
39 75 8
39 76 7
39 77 6
39 78 5
39 79 4
39 80 14
39 81 13
39 82 12
39 84 10
39 85 9
39 86 8
39 87 7
39 88 6
39 89 5
39 90 15
39 92 13
39 93 12
39 94 11
39 95 10
39 96 9
39 98 7
40 41 1
40 42 2
40 43 3
40 44 4
40 45 5
40 47 7
40 48 8
40 49 9
40 52 3
40 53 4
40 54 5
40 56 7
40 57 8
40 58 9
40 60 2
40 61 3
40 62 4
40 63 5
40 64 6
40 66 8
40 67 9
40 68 10
40 69 11
40 70 3
40 71 4
40 73 6
40 75 8
40 76 9
40 77 10
40 78 11
40 79 12
40 80 4
40 81 5
40 82 6
40 84 8
40 85 9
40 86 10
40 87 11
40 88 12
40 89 13
40 90 5
40 92 7
40 93 8
40 94 9
40 95 10
40 96 11
40 98 13
41 42 1
41 43 2
41 44 3
41 45 4
41 47 6
41 48 7
41 49 8
41 52 2
41 53 3
41 54 4
41 56 6
41 57 7
41 58 8
41 60 3
41 61 2
41 62 3
41 63 4
41 64 5
41 66 7
41 67 8
41 68 9
41 69 10
41 70 4
41 71 3
41 73 5
41 75 7
41 76 8
41 77 9
41 78 10
41 79 11
41 80 5
41 81 4
41 82 5
41 84 7
41 85 8
41 86 9
41 87 10
41 88 11
41 89 12
41 90 6
41 92 6
41 93 7
41 94 8
41 95 9
41 96 10
41 98 12
42 43 1
42 44 2
42 45 3
42 47 5
42 48 6
42 49 7
42 52 1
42 53 2
42 54 3
42 56 5
42 57 6
42 58 7
42 60 4
42 61 3
42 62 2
42 63 3
42 64 4
42 66 6
42 67 7
42 68 8
42 69 9
42 70 5
42 71 4
42 73 4
42 75 6
42 76 7
42 77 8
42 78 9
42 79 10
42 80 6
42 81 5
42 82 4
42 84 6
42 85 7
42 86 8
42 87 9
42 88 10
42 89 11
42 90 7
42 92 5
42 93 6
42 94 7
42 95 8
42 96 9
42 98 11
43 44 1
43 45 2
43 47 4
43 48 5
43 49 6
43 52 2
43 53 1
43 54 2
43 56 4
43 57 5
43 58 6
43 60 5
43 61 4
43 62 3
43 63 2
43 64 3
43 66 5
43 67 6
43 68 7
43 69 8
43 70 6
43 71 5
43 73 3
43 75 5
43 76 6
43 77 7
43 78 8
43 79 9
43 80 7
43 81 6
43 82 5
43 84 5
43 85 6
43 86 7
43 87 8
43 88 9
43 89 10
43 90 8
43 92 6
43 93 5
43 94 6
43 95 7
43 96 8
43 98 10
44 45 1
44 47 3
44 48 4
44 49 5
44 52 3
44 53 2
44 54 1
44 56 3
44 57 4
44 58 5
44 60 6
44 61 5
44 62 4
44 63 3
44 64 2
44 66 4
44 67 5
44 68 6
44 69 7
44 70 7
44 71 6
44 73 4
44 75 4
44 76 5
44 77 6
44 78 7
44 79 8
44 80 8
44 81 7
44 82 6
44 84 4
44 85 5
44 86 6
44 87 7
44 88 8
44 89 9
44 90 9
44 92 7
44 93 6
44 94 5
44 95 6
44 96 7
44 98 9
45 47 2
45 48 3
45 49 4
45 52 4
45 53 3
45 54 2
45 56 2
45 57 3
45 58 4
45 60 7
45 61 6
45 62 5
45 63 4
45 64 3
45 66 3
45 67 4
45 68 5
45 69 6
45 70 8
45 71 7
45 73 5
45 75 3
45 76 4
45 77 5
45 78 6
45 79 7
45 80 9
45 81 8
45 82 7
45 84 5
45 85 4
45 86 5
45 87 6
45 88 7
45 89 8
45 90 10
45 92 8
45 93 7
45 94 6
45 95 5
45 96 6
45 98 8
47 48 1
47 49 2
47 52 6
47 53 5
47 54 4
47 56 2
47 57 1
47 58 2
47 60 9
47 61 8
47 62 7
47 63 6
47 64 5
47 66 3
47 67 2
47 68 3
47 69 4
47 70 10
47 71 9
47 73 7
47 75 5
47 76 4
47 77 3
47 78 4
47 79 5
47 80 11
47 81 10
47 82 9
47 84 7
47 85 6
47 86 5
47 87 4
47 88 5
47 89 6
47 90 12
47 92 10
47 93 9
47 94 8
47 95 7
47 96 6
47 98 6
48 49 1
48 52 7
48 53 6
48 54 5
48 56 3
48 57 2
48 58 1
48 60 10
48 61 9
48 62 8
48 63 7
48 64 6
48 66 4
48 67 3
48 68 2
48 69 3
48 70 11
48 71 10
48 73 8
48 75 6
48 76 5
48 77 4
48 78 3
48 79 4
48 80 12
48 81 11
48 82 10
48 84 8
48 85 7
48 86 6
48 87 5
48 88 4
48 89 5
48 90 13
48 92 11
48 93 10
48 94 9
48 95 8
48 96 7
48 98 5
49 52 8
49 53 7
49 54 6
49 56 4
49 57 3
49 58 2
49 60 11
49 61 10
49 62 9
49 63 8
49 64 7
49 66 5
49 67 4
49 68 3
49 69 2
49 70 12
49 71 11
49 73 9
49 75 7
49 76 6
49 77 5
49 78 4
49 79 3
49 80 13
49 81 12
49 82 11
49 84 9
49 85 8
49 86 7
49 87 6
49 88 5
49 89 4
49 90 14
49 92 12
49 93 11
49 94 10
49 95 9
49 96 8
49 98 6
52 53 1
52 54 2
52 56 4
52 57 5
52 58 6
52 60 3
52 61 2
52 62 1
52 63 2
52 64 3
52 66 5
52 67 6
52 68 7
52 69 8
52 70 4
52 71 3
52 73 3
52 75 5
52 76 6
52 77 7
52 78 8
52 79 9
52 80 5
52 81 4
52 82 3
52 84 5
52 85 6
52 86 7
52 87 8
52 88 9
52 89 10
52 90 6
52 92 4
52 93 5
52 94 6
52 95 7
52 96 8
52 98 10
53 54 1
53 56 3
53 57 4
53 58 5
53 60 4
53 61 3
53 62 2
53 63 1
53 64 2
53 66 4
53 67 5
53 68 6
53 69 7
53 70 5
53 71 4
53 73 2
53 75 4
53 76 5
53 77 6
53 78 7
53 79 8
53 80 6
53 81 5
53 82 4
53 84 4
53 85 5
53 86 6
53 87 7
53 88 8
53 89 9
53 90 7
53 92 5
53 93 4
53 94 5
53 95 6
53 96 7
53 98 9
54 56 2
54 57 3
54 58 4
54 60 5
54 61 4
54 62 3
54 63 2
54 64 1
54 66 3
54 67 4
54 68 5
54 69 6
54 70 6
54 71 5
54 73 3
54 75 3
54 76 4
54 77 5
54 78 6
54 79 7
54 80 7
54 81 6
54 82 5
54 84 3
54 85 4
54 86 5
54 87 6
54 88 7
54 89 8
54 90 8
54 92 6
54 93 5
54 94 4
54 95 5
54 96 6
54 98 8
56 57 1
56 58 2
56 60 7
56 61 6
56 62 5
56 63 4
56 64 3
56 66 1
56 67 2
56 68 3
56 69 4
56 70 8
56 71 7
56 73 5
56 75 3
56 76 2
56 77 3
56 78 4
56 79 5
56 80 9
56 81 8
56 82 7
56 84 5
56 85 4
56 86 3
56 87 4
56 88 5
56 89 6
56 90 10
56 92 8
56 93 7
56 94 6
56 95 5
56 96 4
56 98 6
57 58 1
57 60 8
57 61 7
57 62 6
57 63 5
57 64 4
57 66 2
57 67 1
57 68 2
57 69 3
57 70 9
57 71 8
57 73 6
57 75 4
57 76 3
57 77 2
57 78 3
57 79 4
57 80 10
57 81 9
57 82 8
57 84 6
57 85 5
57 86 4
57 87 3
57 88 4
57 89 5
57 90 11
57 92 9
57 93 8
57 94 7
57 95 6
57 96 5
57 98 5
58 60 9
58 61 8
58 62 7
58 63 6
58 64 5
58 66 3
58 67 2
58 68 1
58 69 2
58 70 10
58 71 9
58 73 7
58 75 5
58 76 4
58 77 3
58 78 2
58 79 3
58 80 11
58 81 10
58 82 9
58 84 7
58 85 6
58 86 5
58 87 4
58 88 3
58 89 4
58 90 12
58 92 10
58 93 9
58 94 8
58 95 7
58 96 6
58 98 4
60 61 1
60 62 2
60 63 3
60 64 4
60 66 6
60 67 7
60 68 8
60 69 9
60 70 1
60 71 2
60 73 4
60 75 6
60 76 7
60 77 8
60 78 9
60 79 10
60 80 2
60 81 3
60 82 4
60 84 6
60 85 7
60 86 8
60 87 9
60 88 10
60 89 11
60 90 3
60 92 5
60 93 6
60 94 7
60 95 8
60 96 9
60 98 11
61 62 1
61 63 2
61 64 3
61 66 5
61 67 6
61 68 7
61 69 8
61 70 2
61 71 1
61 73 3
61 75 5
61 76 6
61 77 7
61 78 8
61 79 9
61 80 3
61 81 2
61 82 3
61 84 5
61 85 6
61 86 7
61 87 8
61 88 9
61 89 10
61 90 4
61 92 4
61 93 5
61 94 6
61 95 7
61 96 8
61 98 10
62 63 1
62 64 2
62 66 4
62 67 5
62 68 6
62 69 7
62 70 3
62 71 2
62 73 2
62 75 4
62 76 5
62 77 6
62 78 7
62 79 8
62 80 4
62 81 3
62 82 2
62 84 4
62 85 5
62 86 6
62 87 7
62 88 8
62 89 9
62 90 5
62 92 3
62 93 4
62 94 5
62 95 6
62 96 7
62 98 9
63 64 1
63 66 3
63 67 4
63 68 5
63 69 6
63 70 4
63 71 3
63 73 1
63 75 3
63 76 4
63 77 5
63 78 6
63 79 7
63 80 5
63 81 4
63 82 3
63 84 3
63 85 4
63 86 5
63 87 6
63 88 7
63 89 8
63 90 6
63 92 4
63 93 3
63 94 4
63 95 5
63 96 6
63 98 8
64 66 2
64 67 3
64 68 4
64 69 5
64 70 5
64 71 4
64 73 2
64 75 2
64 76 3
64 77 4
64 78 5
64 79 6
64 80 6
64 81 5
64 82 4
64 84 2
64 85 3
64 86 4
64 87 5
64 88 6
64 89 7
64 90 7
64 92 5
64 93 4
64 94 3
64 95 4
64 96 5
64 98 7
66 67 1
66 68 2
66 69 3
66 70 7
66 71 6
66 73 4
66 75 2
66 76 1
66 77 2
66 78 3
66 79 4
66 80 8
66 81 7
66 82 6
66 84 4
66 85 3
66 86 2
66 87 3
66 88 4
66 89 5
66 90 9
66 92 7
66 93 6
66 94 5
66 95 4
66 96 3
66 98 5
67 68 1
67 69 2
67 70 8
67 71 7
67 73 5
67 75 3
67 76 2
67 77 1
67 78 2
67 79 3
67 80 9
67 81 8
67 82 7
67 84 5
67 85 4
67 86 3
67 87 2
67 88 3
67 89 4
67 90 10
67 92 8
67 93 7
67 94 6
67 95 5
67 96 4
67 98 4
68 69 1
68 70 9
68 71 8
68 73 6
68 75 4
68 76 3
68 77 2
68 78 1
68 79 2
68 80 10
68 81 9
68 82 8
68 84 6
68 85 5
68 86 4
68 87 3
68 88 2
68 89 3
68 90 11
68 92 9
68 93 8
68 94 7
68 95 6
68 96 5
68 98 3
69 70 10
69 71 9
69 73 7
69 75 5
69 76 4
69 77 3
69 78 2
69 79 1
69 80 11
69 81 10
69 82 9
69 84 7
69 85 6
69 86 5
69 87 4
69 88 3
69 89 2
69 90 12
69 92 10
69 93 9
69 94 8
69 95 7
69 96 6
69 98 4
70 71 1
70 73 3
70 75 5
70 76 6
70 77 7
70 78 8
70 79 9
70 80 1
70 81 2
70 82 3
70 84 5
70 85 6
70 86 7
70 87 8
70 88 9
70 89 10
70 90 2
70 92 4
70 93 5
70 94 6
70 95 7
70 96 8
70 98 10
71 73 2
71 75 4
71 76 5
71 77 6
71 78 7
71 79 8
71 80 2
71 81 1
71 82 2
71 84 4
71 85 5
71 86 6
71 87 7
71 88 8
71 89 9
71 90 3
71 92 3
71 93 4
71 94 5
71 95 6
71 96 7
71 98 9
73 75 2
73 76 3
73 77 4
73 78 5
73 79 6
73 80 4
73 81 3
73 82 2
73 84 2
73 85 3
73 86 4
73 87 5
73 88 6
73 89 7
73 90 5
73 92 3
73 93 2
73 94 3
73 95 4
73 96 5
73 98 7
75 76 1
75 77 2
75 78 3
75 79 4
75 80 6
75 81 5
75 82 4
75 84 2
75 85 1
75 86 2
75 87 3
75 88 4
75 89 5
75 90 7
75 92 5
75 93 4
75 94 3
75 95 2
75 96 3
75 98 5
76 77 1
76 78 2
76 79 3
76 80 7
76 81 6
76 82 5
76 84 3
76 85 2
76 86 1
76 87 2
76 88 3
76 89 4
76 90 8
76 92 6
76 93 5
76 94 4
76 95 3
76 96 2
76 98 4
77 78 1
77 79 2
77 80 8
77 81 7
77 82 6
77 84 4
77 85 3
77 86 2
77 87 1
77 88 2
77 89 3
77 90 9
77 92 7
77 93 6
77 94 5
77 95 4
77 96 3
77 98 3
78 79 1
78 80 9
78 81 8
78 82 7
78 84 5
78 85 4
78 86 3
78 87 2
78 88 1
78 89 2
78 90 10
78 92 8
78 93 7
78 94 6
78 95 5
78 96 4
78 98 2
79 80 10
79 81 9
79 82 8
79 84 6
79 85 5
79 86 4
79 87 3
79 88 2
79 89 1
79 90 11
79 92 9
79 93 8
79 94 7
79 95 6
79 96 5
79 98 3
80 81 1
80 82 2
80 84 4
80 85 5
80 86 6
80 87 7
80 88 8
80 89 9
80 90 1
80 92 3
80 93 4
80 94 5
80 95 6
80 96 7
80 98 9
81 82 1
81 84 3
81 85 4
81 86 5
81 87 6
81 88 7
81 89 8
81 90 2
81 92 2
81 93 3
81 94 4
81 95 5
81 96 6
81 98 8
82 84 2
82 85 3
82 86 4
82 87 5
82 88 6
82 89 7
82 90 3
82 92 1
82 93 2
82 94 3
82 95 4
82 96 5
82 98 7
84 85 1
84 86 2
84 87 3
84 88 4
84 89 5
84 90 5
84 92 3
84 93 2
84 94 1
84 95 2
84 96 3
84 98 5
85 86 1
85 87 2
85 88 3
85 89 4
85 90 6
85 92 4
85 93 3
85 94 2
85 95 1
85 96 2
85 98 4
86 87 1
86 88 2
86 89 3
86 90 7
86 92 5
86 93 4
86 94 3
86 95 2
86 96 1
86 98 3
87 88 1
87 89 2
87 90 8
87 92 6
87 93 5
87 94 4
87 95 3
87 96 2
87 98 2
88 89 1
88 90 9
88 92 7
88 93 6
88 94 5
88 95 4
88 96 3
88 98 1
89 90 10
89 92 8
89 93 7
89 94 6
89 95 5
89 96 4
89 98 2
90 92 2
90 93 3
90 94 4
90 95 5
90 96 6
90 98 8
92 93 1
92 94 2
92 95 3
92 96 4
92 98 6
93 94 1
93 95 2
93 96 3
93 98 5
94 95 1
94 96 2
94 98 4
95 96 1
95 98 3
96 98 2
0 1 4
0 2 4
0 3 3
0 4 3
0 5 0
0 6 4
0 7 0
0 8 3
0 9 2
0 10 0
0 11 1
0 12 3
0 13 1
0 14 0
0 15 4
0 16 0
0 17 1
0 18 3
0 19 3
0 20 3
0 21 0
0 22 2
0 23 0
0 24 0
0 25 4
0 26 3
0 27 3
0 28 3
0 29 3
1 2 1
1 3 4
1 4 2
1 5 1
1 6 3
1 7 0
1 8 1
1 9 3
1 10 0
1 11 0
1 12 0
1 13 1
1 14 1
1 15 3
1 16 2
1 17 2
1 18 2
1 19 3
1 20 3
1 21 1
1 22 1
1 23 1
1 24 2
1 25 4
1 26 2
1 27 2
1 28 3
1 29 0
2 3 1
2 4 2
2 5 3
2 6 3
2 7 2
2 8 1
2 9 4
2 10 0
2 11 1
2 12 1
2 13 3
2 14 1
2 15 1
2 16 4
2 17 3
2 18 3
2 19 2
2 20 0
2 21 0
2 22 0
2 23 3
2 24 3
2 25 2
2 26 0
2 27 0
2 28 4
2 29 4
3 4 2
3 5 1
3 6 3
3 7 3
3 8 3
3 9 0
3 10 1
3 11 2
3 12 3
3 13 2
3 14 1
3 15 3
3 16 4
3 17 3
3 18 2
3 19 1
3 20 4
3 21 1
3 22 4
3 23 2
3 24 4
3 25 0
3 26 3
3 27 0
3 28 3
3 29 1
4 5 3
4 6 4
4 7 2
4 8 2
4 9 4
4 10 4
4 11 4
4 12 3
4 13 2
4 14 3
4 15 4
4 16 4
4 17 0
4 18 2
4 19 2
4 20 2
4 21 1
4 22 1
4 23 0
4 24 3
4 25 3
4 26 4
4 27 0
4 28 2
4 29 2
5 6 0
5 7 2
5 8 0
5 9 1
5 10 1
5 11 2
5 12 4
5 13 1
5 14 0
5 15 2
5 16 0
5 17 4
5 18 1
5 19 4
5 20 2
5 21 0
5 22 3
5 23 1
5 24 0
5 25 1
5 26 4
5 27 2
5 28 2
5 29 0
6 7 2
6 8 1
6 9 4
6 10 2
6 11 1
6 12 1
6 13 0
6 14 2
6 15 4
6 16 1
6 17 3
6 18 0
6 19 4
6 20 3
6 21 1
6 22 4
6 23 0
6 24 2
6 25 3
6 26 2
6 27 1
6 28 1
6 29 2
7 8 0
7 9 2
7 10 3
7 11 1
7 12 2
7 13 0
7 14 3
7 15 3
7 16 3
7 17 4
7 18 2
7 19 0
7 20 1
7 21 3
7 22 1
7 23 3
7 24 2
7 25 2
7 26 2
7 27 3
7 28 1
7 29 0
8 9 0
8 10 1
8 11 0
8 12 2
8 13 4
8 14 3
8 15 4
8 16 1
8 17 0
8 18 4
8 19 3
8 20 3
8 21 1
8 22 1
8 23 4
8 24 0
8 25 4
8 26 2
8 27 0
8 28 1
8 29 3
9 10 1
9 11 4
9 12 4
9 13 0
9 14 2
9 15 2
9 16 2
9 17 1
9 18 4
9 19 2
9 20 1
9 21 0
9 22 3
9 23 3
9 24 0
9 25 1
9 26 3
9 27 1
9 28 2
9 29 3
10 11 0
10 12 1
10 13 4
10 14 1
10 15 0
10 16 4
10 17 0
10 18 2
10 19 4
10 20 1
10 21 1
10 22 1
10 23 1
10 24 0
10 25 1
10 26 4
10 27 3
10 28 4
10 29 0
11 12 2
11 13 2
11 14 1
11 15 2
11 16 0
11 17 0
11 18 3
11 19 2
11 20 4
11 21 4
11 22 4
11 23 2
11 24 4
11 25 0
11 26 1
11 27 1
11 28 1
11 29 1
12 13 1
12 14 3
12 15 1
12 16 3
12 17 0
12 18 2
12 19 4
12 20 0
12 21 4
12 22 4
12 23 4
12 24 4
12 25 4
12 26 1
12 27 1
12 28 1
12 29 4
13 14 2
13 15 1
13 16 3
13 17 0
13 18 0
13 19 2
13 20 0
13 21 3
13 22 2
13 23 1
13 24 4
13 25 3
13 26 2
13 27 1
13 28 0
13 29 1
14 15 2
14 16 3
14 17 1
14 18 0
14 19 3
14 20 2
14 21 0
14 22 2
14 23 1
14 24 4
14 25 2
14 26 3
14 27 1
14 28 3
14 29 3
15 16 4
15 17 0
15 18 1
15 19 4
15 20 1
15 21 4
15 22 4
15 23 4
15 24 1
15 25 0
15 26 4
15 27 0
15 28 3
15 29 1
16 17 0
16 18 4
16 19 3
16 20 4
16 21 0
16 22 4
16 23 3
16 24 2
16 25 0
16 26 1
16 27 4
16 28 4
16 29 3
17 18 2
17 19 1
17 20 2
17 21 1
17 22 0
17 23 3
17 24 2
17 25 0
17 26 0
17 27 2
17 28 4
17 29 0
18 19 3
18 20 0
18 21 4
18 22 4
18 23 3
18 24 0
18 25 0
18 26 2
18 27 4
18 28 4
18 29 3
19 20 4
19 21 3
19 22 1
19 23 4
19 24 4
19 25 0
19 26 4
19 27 3
19 28 3
19 29 0
20 21 1
20 22 4
20 23 1
20 24 4
20 25 2
20 26 1
20 27 4
20 28 4
20 29 1
21 22 0
21 23 3
21 24 1
21 25 4
21 26 2
21 27 0
21 28 0
21 29 3
22 23 2
22 24 0
22 25 2
22 26 1
22 27 4
22 28 1
22 29 2
23 24 3
23 25 0
23 26 3
23 27 3
23 28 4
23 29 2
24 25 3
24 26 0
24 27 1
24 28 0
24 29 4
25 26 4
25 27 1
25 28 4
25 29 4
26 27 2
26 28 4
26 29 2
27 28 4
27 29 4
28 29 0
