80 30
0 1 1
0 2 2
0 3 3
0 4 4
0 5 5
0 6 6
0 8 8
0 11 2
0 12 3
0 13 4
0 14 5
0 15 6
0 16 7
0 17 8
0 18 9
0 19 10
0 20 2
0 23 5
0 24 6
0 25 7
0 27 9
0 28 10
0 29 11
0 31 4
0 32 5
0 33 6
0 34 7
0 35 8
0 36 9
0 37 10
0 39 12
0 40 4
0 41 5
0 42 6
0 46 10
0 47 11
0 48 12
0 49 13
0 50 5
0 51 6
0 53 8
0 55 10
0 56 11
0 57 12
0 58 13
0 59 14
0 60 6
0 61 7
0 62 8
0 63 9
0 64 10
0 65 11
0 67 13
0 68 14
0 69 15
0 70 7
0 71 8
0 72 9
0 73 10
0 74 11
0 75 12
0 78 15
0 80 8
0 81 9
0 82 10
0 83 11
0 84 12
0 85 13
0 86 14
0 88 16
0 89 17
0 90 9
0 91 10
0 92 11
0 93 12
0 94 13
0 95 14
0 98 17
0 99 18
1 2 1
1 3 2
1 4 3
1 5 4
1 6 5
1 8 7
1 11 1
1 12 2
1 13 3
1 14 4
1 15 5
1 16 6
1 17 7
1 18 8
1 19 9
1 20 3
1 23 4
1 24 5
1 25 6
1 27 8
1 28 9
1 29 10
1 31 3
1 32 4
1 33 5
1 34 6
1 35 7
1 36 8
1 37 9
1 39 11
1 40 5
1 41 4
1 42 5
1 46 9
1 47 10
1 48 11
1 49 12
1 50 6
1 51 5
1 53 7
1 55 9
1 56 10
1 57 11
1 58 12
1 59 13
1 60 7
1 61 6
1 62 7
1 63 8
1 64 9
1 65 10
1 67 12
1 68 13
1 69 14
1 70 8
1 71 7
1 72 8
1 73 9
1 74 10
1 75 11
1 78 14
1 80 9
1 81 8
1 82 9
1 83 10
1 84 11
1 85 12
1 86 13
1 88 15
1 89 16
1 90 10
1 91 9
1 92 10
1 93 11
1 94 12
1 95 13
1 98 16
1 99 17
2 3 1
2 4 2
2 5 3
2 6 4
2 8 6
2 11 2
2 12 1
2 13 2
2 14 3
2 15 4
2 16 5
2 17 6
2 18 7
2 19 8
2 20 4
2 23 3
2 24 4
2 25 5
2 27 7
2 28 8
2 29 9
2 31 4
2 32 3
2 33 4
2 34 5
2 35 6
2 36 7
2 37 8
2 39 10
2 40 6
2 41 5
2 42 4
2 46 8
2 47 9
2 48 10
2 49 11
2 50 7
2 51 6
2 53 6
2 55 8
2 56 9
2 57 10
2 58 11
2 59 12
2 60 8
2 61 7
2 62 6
2 63 7
2 64 8
2 65 9
2 67 11
2 68 12
2 69 13
2 70 9
2 71 8
2 72 7
2 73 8
2 74 9
2 75 10
2 78 13
2 80 10
2 81 9
2 82 8
2 83 9
2 84 10
2 85 11
2 86 12
2 88 14
2 89 15
2 90 11
2 91 10
2 92 9
2 93 10
2 94 11
2 95 12
2 98 15
2 99 16
3 4 1
3 5 2
3 6 3
3 8 5
3 11 3
3 12 2
3 13 1
3 14 2
3 15 3
3 16 4
3 17 5
3 18 6
3 19 7
3 20 5
3 23 2
3 24 3
3 25 4
3 27 6
3 28 7
3 29 8
3 31 5
3 32 4
3 33 3
3 34 4
3 35 5
3 36 6
3 37 7
3 39 9
3 40 7
3 41 6
3 42 5
3 46 7
3 47 8
3 48 9
3 49 10
3 50 8
3 51 7
3 53 5
3 55 7
3 56 8
3 57 9
3 58 10
3 59 11
3 60 9
3 61 8
3 62 7
3 63 6
3 64 7
3 65 8
3 67 10
3 68 11
3 69 12
3 70 10
3 71 9
3 72 8
3 73 7
3 74 8
3 75 9
3 78 12
3 80 11
3 81 10
3 82 9
3 83 8
3 84 9
3 85 10
3 86 11
3 88 13
3 89 14
3 90 12
3 91 11
3 92 10
3 93 9
3 94 10
3 95 11
3 98 14
3 99 15
4 5 1
4 6 2
4 8 4
4 11 4
4 12 3
4 13 2
4 14 1
4 15 2
4 16 3
4 17 4
4 18 5
4 19 6
4 20 6
4 23 3
4 24 2
4 25 3
4 27 5
4 28 6
4 29 7
4 31 6
4 32 5
4 33 4
4 34 3
4 35 4
4 36 5
4 37 6
4 39 8
4 40 8
4 41 7
4 42 6
4 46 6
4 47 7
4 48 8
4 49 9
4 50 9
4 51 8
4 53 6
4 55 6
4 56 7
4 57 8
4 58 9
4 59 10
4 60 10
4 61 9
4 62 8
4 63 7
4 64 6
4 65 7
4 67 9
4 68 10
4 69 11
4 70 11
4 71 10
4 72 9
4 73 8
4 74 7
4 75 8
4 78 11
4 80 12
4 81 11
4 82 10
4 83 9
4 84 8
4 85 9
4 86 10
4 88 12
4 89 13
4 90 13
4 91 12
4 92 11
4 93 10
4 94 9
4 95 10
4 98 13
4 99 14
5 6 1
5 8 3
5 11 5
5 12 4
5 13 3
5 14 2
5 15 1
5 16 2
5 17 3
5 18 4
5 19 5
5 20 7
5 23 4
5 24 3
5 25 2
5 27 4
5 28 5
5 29 6
5 31 7
5 32 6
5 33 5
5 34 4
5 35 3
5 36 4
5 37 5
5 39 7
5 40 9
5 41 8
5 42 7
5 46 5
5 47 6
5 48 7
5 49 8
5 50 10
5 51 9
5 53 7
5 55 5
5 56 6
5 57 7
5 58 8
5 59 9
5 60 11
5 61 10
5 62 9
5 63 8
5 64 7
5 65 6
5 67 8
5 68 9
5 69 10
5 70 12
5 71 11
5 72 10
5 73 9
5 74 8
5 75 7
5 78 10
5 80 13
5 81 12
5 82 11
5 83 10
5 84 9
5 85 8
5 86 9
5 88 11
5 89 12
5 90 14
5 91 13
5 92 12
5 93 11
5 94 10
5 95 9
5 98 12
5 99 13
6 8 2
6 11 6
6 12 5
6 13 4
6 14 3
6 15 2
6 16 1
6 17 2
6 18 3
6 19 4
6 20 8
6 23 5
6 24 4
6 25 3
6 27 3
6 28 4
6 29 5
6 31 8
6 32 7
6 33 6
6 34 5
6 35 4
6 36 3
6 37 4
6 39 6
6 40 10
6 41 9
6 42 8
6 46 4
6 47 5
6 48 6
6 49 7
6 50 11
6 51 10
6 53 8
6 55 6
6 56 5
6 57 6
6 58 7
6 59 8
6 60 12
6 61 11
6 62 10
6 63 9
6 64 8
6 65 7
6 67 7
6 68 8
6 69 9
6 70 13
6 71 12
6 72 11
6 73 10
6 74 9
6 75 8
6 78 9
6 80 14
6 81 13
6 82 12
6 83 11
6 84 10
6 85 9
6 86 8
6 88 10
6 89 11
6 90 15
6 91 14
6 92 13
6 93 12
6 94 11
6 95 10
6 98 11
6 99 12
8 11 8
8 12 7
8 13 6
8 14 5
8 15 4
8 16 3
8 17 2
8 18 1
8 19 2
8 20 10
8 23 7
8 24 6
8 25 5
8 27 3
8 28 2
8 29 3
8 31 10
8 32 9
8 33 8
8 34 7
8 35 6
8 36 5
8 37 4
8 39 4
8 40 12
8 41 11
8 42 10
8 46 6
8 47 5
8 48 4
8 49 5
8 50 13
8 51 12
8 53 10
8 55 8
8 56 7
8 57 6
8 58 5
8 59 6
8 60 14
8 61 13
8 62 12
8 63 11
8 64 10
8 65 9
8 67 7
8 68 6
8 69 7
8 70 15
8 71 14
8 72 13
8 73 12
8 74 11
8 75 10
8 78 7
8 80 16
8 81 15
8 82 14
8 83 13
8 84 12
8 85 11
8 86 10
8 88 8
8 89 9
8 90 17
8 91 16
8 92 15
8 93 14
8 94 13
8 95 12
8 98 9
8 99 10
11 12 1
11 13 2
11 14 3
11 15 4
11 16 5
11 17 6
11 18 7
11 19 8
11 20 2
11 23 3
11 24 4
11 25 5
11 27 7
11 28 8
11 29 9
11 31 2
11 32 3
11 33 4
11 34 5
11 35 6
11 36 7
11 37 8
11 39 10
11 40 4
11 41 3
11 42 4
11 46 8
11 47 9
11 48 10
11 49 11
11 50 5
11 51 4
11 53 6
11 55 8
11 56 9
11 57 10
11 58 11
11 59 12
11 60 6
11 61 5
11 62 6
11 63 7
11 64 8
11 65 9
11 67 11
11 68 12
11 69 13
11 70 7
11 71 6
11 72 7
11 73 8
11 74 9
11 75 10
11 78 13
11 80 8
11 81 7
11 82 8
11 83 9
11 84 10
11 85 11
11 86 12
11 88 14
11 89 15
11 90 9
11 91 8
11 92 9
11 93 10
11 94 11
11 95 12
11 98 15
11 99 16
12 13 1
12 14 2
12 15 3
12 16 4
12 17 5
12 18 6
12 19 7
12 20 3
12 23 2
12 24 3
12 25 4
12 27 6
12 28 7
12 29 8
12 31 3
12 32 2
12 33 3
12 34 4
12 35 5
12 36 6
12 37 7
12 39 9
12 40 5
12 41 4
12 42 3
12 46 7
12 47 8
12 48 9
12 49 10
12 50 6
12 51 5
12 53 5
12 55 7
12 56 8
12 57 9
12 58 10
12 59 11
12 60 7
12 61 6
12 62 5
12 63 6
12 64 7
12 65 8
12 67 10
12 68 11
12 69 12
12 70 8
12 71 7
12 72 6
12 73 7
12 74 8
12 75 9
12 78 12
12 80 9
12 81 8
12 82 7
12 83 8
12 84 9
12 85 10
12 86 11
12 88 13
12 89 14
12 90 10
12 91 9
12 92 8
12 93 9
12 94 10
12 95 11
12 98 14
12 99 15
13 14 1
13 15 2
13 16 3
13 17 4
13 18 5
13 19 6
13 20 4
13 23 1
13 24 2
13 25 3
13 27 5
13 28 6
13 29 7
13 31 4
13 32 3
13 33 2
13 34 3
13 35 4
13 36 5
13 37 6
13 39 8
13 40 6
13 41 5
13 42 4
13 46 6
13 47 7
13 48 8
13 49 9
13 50 7
13 51 6
13 53 4
13 55 6
13 56 7
13 57 8
13 58 9
13 59 10
13 60 8
13 61 7
13 62 6
13 63 5
13 64 6
13 65 7
13 67 9
13 68 10
13 69 11
13 70 9
13 71 8
13 72 7
13 73 6
13 74 7
13 75 8
13 78 11
13 80 10
13 81 9
13 82 8
13 83 7
13 84 8
13 85 9
13 86 10
13 88 12
13 89 13
13 90 11
13 91 10
13 92 9
13 93 8
13 94 9
13 95 10
13 98 13
13 99 14
14 15 1
14 16 2
14 17 3
14 18 4
14 19 5
14 20 5
14 23 2
14 24 1
14 25 2
14 27 4
14 28 5
14 29 6
14 31 5
14 32 4
14 33 3
14 34 2
14 35 3
14 36 4
14 37 5
14 39 7
14 40 7
14 41 6
14 42 5
14 46 5
14 47 6
14 48 7
14 49 8
14 50 8
14 51 7
14 53 5
14 55 5
14 56 6
14 57 7
14 58 8
14 59 9
14 60 9
14 61 8
14 62 7
14 63 6
14 64 5
14 65 6
14 67 8
14 68 9
14 69 10
14 70 10
14 71 9
14 72 8
14 73 7
14 74 6
14 75 7
14 78 10
14 80 11
14 81 10
14 82 9
14 83 8
14 84 7
14 85 8
14 86 9
14 88 11
14 89 12
14 90 12
14 91 11
14 92 10
14 93 9
14 94 8
14 95 9
14 98 12
14 99 13
15 16 1
15 17 2
15 18 3
15 19 4
15 20 6
15 23 3
15 24 2
15 25 1
15 27 3
15 28 4
15 29 5
15 31 6
15 32 5
15 33 4
15 34 3
15 35 2
15 36 3
15 37 4
15 39 6
15 40 8
15 41 7
15 42 6
15 46 4
15 47 5
15 48 6
15 49 7
15 50 9
15 51 8
15 53 6
15 55 4
15 56 5
15 57 6
15 58 7
15 59 8
15 60 10
15 61 9
15 62 8
15 63 7
15 64 6
15 65 5
15 67 7
15 68 8
15 69 9
15 70 11
15 71 10
15 72 9
15 73 8
15 74 7
15 75 6
15 78 9
15 80 12
15 81 11
15 82 10
15 83 9
15 84 8
15 85 7
15 86 8
15 88 10
15 89 11
15 90 13
15 91 12
15 92 11
15 93 10
15 94 9
15 95 8
15 98 11
15 99 12
16 17 1
16 18 2
16 19 3
16 20 7
16 23 4
16 24 3
16 25 2
16 27 2
16 28 3
16 29 4
16 31 7
16 32 6
16 33 5
16 34 4
16 35 3
16 36 2
16 37 3
16 39 5
16 40 9
16 41 8
16 42 7
16 46 3
16 47 4
16 48 5
16 49 6
16 50 10
16 51 9
16 53 7
16 55 5
16 56 4
16 57 5
16 58 6
16 59 7
16 60 11
16 61 10
16 62 9
16 63 8
16 64 7
16 65 6
16 67 6
16 68 7
16 69 8
16 70 12
16 71 11
16 72 10
16 73 9
16 74 8
16 75 7
16 78 8
16 80 13
16 81 12
16 82 11
16 83 10
16 84 9
16 85 8
16 86 7
16 88 9
16 89 10
16 90 14
16 91 13
16 92 12
16 93 11
16 94 10
16 95 9
16 98 10
16 99 11
17 18 1
17 19 2
17 20 8
17 23 5
17 24 4
17 25 3
17 27 1
17 28 2
17 29 3
17 31 8
17 32 7
17 33 6
17 34 5
17 35 4
17 36 3
17 37 2
17 39 4
17 40 10
17 41 9
17 42 8
17 46 4
17 47 3
17 48 4
17 49 5
17 50 11
17 51 10
17 53 8
17 55 6
17 56 5
17 57 4
17 58 5
17 59 6
17 60 12
17 61 11
17 62 10
17 63 9
17 64 8
17 65 7
17 67 5
17 68 6
17 69 7
17 70 13
17 71 12
17 72 11
17 73 10
17 74 9
17 75 8
17 78 7
17 80 14
17 81 13
17 82 12
17 83 11
17 84 10
17 85 9
17 86 8
17 88 8
17 89 9
17 90 15
17 91 14
17 92 13
17 93 12
17 94 11
17 95 10
17 98 9
17 99 10
18 19 1
18 20 9
18 23 6
18 24 5
18 25 4
18 27 2
18 28 1
18 29 2
18 31 9
18 32 8
18 33 7
18 34 6
18 35 5
18 36 4
18 37 3
18 39 3
18 40 11
18 41 10
18 42 9
18 46 5
18 47 4
18 48 3
18 49 4
18 50 12
18 51 11
18 53 9
18 55 7
18 56 6
18 57 5
18 58 4
18 59 5
18 60 13
18 61 12
18 62 11
18 63 10
18 64 9
18 65 8
18 67 6
18 68 5
18 69 6
18 70 14
18 71 13
18 72 12
18 73 11
18 74 10
18 75 9
18 78 6
18 80 15
18 81 14
18 82 13
18 83 12
18 84 11
18 85 10
18 86 9
18 88 7
18 89 8
18 90 16
18 91 15
18 92 14
18 93 13
18 94 12
18 95 11
18 98 8
18 99 9
19 20 10
19 23 7
19 24 6
19 25 5
19 27 3
19 28 2
19 29 1
19 31 10
19 32 9
19 33 8
19 34 7
19 35 6
19 36 5
19 37 4
19 39 2
19 40 12
19 41 11
19 42 10
19 46 6
19 47 5
19 48 4
19 49 3
19 50 13
19 51 12
19 53 10
19 55 8
19 56 7
19 57 6
19 58 5
19 59 4
19 60 14
19 61 13
19 62 12
19 63 11
19 64 10
19 65 9
19 67 7
19 68 6
19 69 5
19 70 15
19 71 14
19 72 13
19 73 12
19 74 11
19 75 10
19 78 7
19 80 16
19 81 15
19 82 14
19 83 13
19 84 12
19 85 11
19 86 10
19 88 8
19 89 7
19 90 17
19 91 16
19 92 15
19 93 14
19 94 13
19 95 12
19 98 9
19 99 8
20 23 3
20 24 4
20 25 5
20 27 7
20 28 8
20 29 9
20 31 2
20 32 3
20 33 4
20 34 5
20 35 6
20 36 7
20 37 8
20 39 10
20 40 2
20 41 3
20 42 4
20 46 8
20 47 9
20 48 10
20 49 11
20 50 3
20 51 4
20 53 6
20 55 8
20 56 9
20 57 10
20 58 11
20 59 12
20 60 4
20 61 5
20 62 6
20 63 7
20 64 8
20 65 9
20 67 11
20 68 12
20 69 13
20 70 5
20 71 6
20 72 7
20 73 8
20 74 9
20 75 10
20 78 13
20 80 6
20 81 7
20 82 8
20 83 9
20 84 10
20 85 11
20 86 12
20 88 14
20 89 15
20 90 7
20 91 8
20 92 9
20 93 10
20 94 11
20 95 12
20 98 15
20 99 16
23 24 1
23 25 2
23 27 4
23 28 5
23 29 6
23 31 3
23 32 2
23 33 1
23 34 2
23 35 3
23 36 4
23 37 5
23 39 7
23 40 5
23 41 4
23 42 3
23 46 5
23 47 6
23 48 7
23 49 8
23 50 6
23 51 5
23 53 3
23 55 5
23 56 6
23 57 7
23 58 8
23 59 9
23 60 7
23 61 6
23 62 5
23 63 4
23 64 5
23 65 6
23 67 8
23 68 9
23 69 10
23 70 8
23 71 7
23 72 6
23 73 5
23 74 6
23 75 7
23 78 10
23 80 9
23 81 8
23 82 7
23 83 6
23 84 7
23 85 8
23 86 9
23 88 11
23 89 12
23 90 10
23 91 9
23 92 8
23 93 7
23 94 8
23 95 9
23 98 12
23 99 13
24 25 1
24 27 3
24 28 4
24 29 5
24 31 4
24 32 3
24 33 2
24 34 1
24 35 2
24 36 3
24 37 4
24 39 6
24 40 6
24 41 5
24 42 4
24 46 4
24 47 5
24 48 6
24 49 7
24 50 7
24 51 6
24 53 4
24 55 4
24 56 5
24 57 6
24 58 7
24 59 8
24 60 8
24 61 7
24 62 6
24 63 5
24 64 4
24 65 5
24 67 7
24 68 8
24 69 9
24 70 9
24 71 8
24 72 7
24 73 6
24 74 5
24 75 6
24 78 9
24 80 10
24 81 9
24 82 8
24 83 7
24 84 6
24 85 7
24 86 8
24 88 10
24 89 11
24 90 11
24 91 10
24 92 9
24 93 8
24 94 7
24 95 8
24 98 11
24 99 12
25 27 2
25 28 3
25 29 4
25 31 5
25 32 4
25 33 3
25 34 2
25 35 1
25 36 2
25 37 3
25 39 5
25 40 7
25 41 6
25 42 5
25 46 3
25 47 4
25 48 5
25 49 6
25 50 8
25 51 7
25 53 5
25 55 3
25 56 4
25 57 5
25 58 6
25 59 7
25 60 9
25 61 8
25 62 7
25 63 6
25 64 5
25 65 4
25 67 6
25 68 7
25 69 8
25 70 10
25 71 9
25 72 8
25 73 7
25 74 6
25 75 5
25 78 8
25 80 11
25 81 10
25 82 9
25 83 8
25 84 7
25 85 6
25 86 7
25 88 9
25 89 10
25 90 12
25 91 11
25 92 10
25 93 9
25 94 8
25 95 7
25 98 10
25 99 11
27 28 1
27 29 2
27 31 7
27 32 6
27 33 5
27 34 4
27 35 3
27 36 2
27 37 1
27 39 3
27 40 9
27 41 8
27 42 7
27 46 3
27 47 2
27 48 3
27 49 4
27 50 10
27 51 9
27 53 7
27 55 5
27 56 4
27 57 3
27 58 4
27 59 5
27 60 11
27 61 10
27 62 9
27 63 8
27 64 7
27 65 6
27 67 4
27 68 5
27 69 6
27 70 12
27 71 11
27 72 10
27 73 9
27 74 8
27 75 7
27 78 6
27 80 13
27 81 12
27 82 11
27 83 10
27 84 9
27 85 8
27 86 7
27 88 7
27 89 8
27 90 14
27 91 13
27 92 12
27 93 11
27 94 10
27 95 9
27 98 8
27 99 9
28 29 1
28 31 8
28 32 7
28 33 6
28 34 5
28 35 4
28 36 3
28 37 2
28 39 2
28 40 10
28 41 9
28 42 8
28 46 4
28 47 3
28 48 2
28 49 3
28 50 11
28 51 10
28 53 8
28 55 6
28 56 5
28 57 4
28 58 3
28 59 4
28 60 12
28 61 11
28 62 10
28 63 9
28 64 8
28 65 7
28 67 5
28 68 4
28 69 5
28 70 13
28 71 12
28 72 11
28 73 10
28 74 9
28 75 8
28 78 5
28 80 14
28 81 13
28 82 12
28 83 11
28 84 10
28 85 9
28 86 8
28 88 6
28 89 7
28 90 15
28 91 14
28 92 13
28 93 12
28 94 11
28 95 10
28 98 7
28 99 8
29 31 9
29 32 8
29 33 7
29 34 6
29 35 5
29 36 4
29 37 3
29 39 1
29 40 11
29 41 10
29 42 9
29 46 5
29 47 4
29 48 3
29 49 2
29 50 12
29 51 11
29 53 9
29 55 7
29 56 6
29 57 5
29 58 4
29 59 3
29 60 13
29 61 12
29 62 11
29 63 10
29 64 9
29 65 8
29 67 6
29 68 5
29 69 4
29 70 14
29 71 13
29 72 12
29 73 11
29 74 10
29 75 9
29 78 6
29 80 15
29 81 14
29 82 13
29 83 12
29 84 11
29 85 10
29 86 9
29 88 7
29 89 6
29 90 16
29 91 15
29 92 14
29 93 13
29 94 12
29 95 11
29 98 8
29 99 7
31 32 1
31 33 2
31 34 3
31 35 4
31 36 5
31 37 6
31 39 8
31 40 2
31 41 1
31 42 2
31 46 6
31 47 7
31 48 8
31 49 9
31 50 3
31 51 2
31 53 4
31 55 6
31 56 7
31 57 8
31 58 9
31 59 10
31 60 4
31 61 3
31 62 4
31 63 5
31 64 6
31 65 7
31 67 9
31 68 10
31 69 11
31 70 5
31 71 4
31 72 5
31 73 6
31 74 7
31 75 8
31 78 11
31 80 6
31 81 5
31 82 6
31 83 7
31 84 8
31 85 9
31 86 10
31 88 12
31 89 13
31 90 7
31 91 6
31 92 7
31 93 8
31 94 9
31 95 10
31 98 13
31 99 14
32 33 1
32 34 2
32 35 3
32 36 4
32 37 5
32 39 7
32 40 3
32 41 2
32 42 1
32 46 5
32 47 6
32 48 7
32 49 8
32 50 4
32 51 3
32 53 3
32 55 5
32 56 6
32 57 7
32 58 8
32 59 9
32 60 5
32 61 4
32 62 3
32 63 4
32 64 5
32 65 6
32 67 8
32 68 9
32 69 10
32 70 6
32 71 5
32 72 4
32 73 5
32 74 6
32 75 7
32 78 10
32 80 7
32 81 6
32 82 5
32 83 6
32 84 7
32 85 8
32 86 9
32 88 11
32 89 12
32 90 8
32 91 7
32 92 6
32 93 7
32 94 8
32 95 9
32 98 12
32 99 13
33 34 1
33 35 2
33 36 3
33 37 4
33 39 6
33 40 4
33 41 3
33 42 2
33 46 4
33 47 5
33 48 6
33 49 7
33 50 5
33 51 4
33 53 2
33 55 4
33 56 5
33 57 6
33 58 7
33 59 8
33 60 6
33 61 5
33 62 4
33 63 3
33 64 4
33 65 5
33 67 7
33 68 8
33 69 9
33 70 7
33 71 6
33 72 5
33 73 4
33 74 5
33 75 6
33 78 9
33 80 8
33 81 7
33 82 6
33 83 5
33 84 6
33 85 7
33 86 8
33 88 10
33 89 11
33 90 9
33 91 8
33 92 7
33 93 6
33 94 7
33 95 8
33 98 11
33 99 12
34 35 1
34 36 2
34 37 3
34 39 5
34 40 5
34 41 4
34 42 3
34 46 3
34 47 4
34 48 5
34 49 6
34 50 6
34 51 5
34 53 3
34 55 3
34 56 4
34 57 5
34 58 6
34 59 7
34 60 7
34 61 6
34 62 5
34 63 4
34 64 3
34 65 4
34 67 6
34 68 7
34 69 8
34 70 8
34 71 7
34 72 6
34 73 5
34 74 4
34 75 5
34 78 8
34 80 9
34 81 8
34 82 7
34 83 6
34 84 5
34 85 6
34 86 7
34 88 9
34 89 10
34 90 10
34 91 9
34 92 8
34 93 7
34 94 6
34 95 7
34 98 10
34 99 11
35 36 1
35 37 2
35 39 4
35 40 6
35 41 5
35 42 4
35 46 2
35 47 3
35 48 4
35 49 5
35 50 7
35 51 6
35 53 4
35 55 2
35 56 3
35 57 4
35 58 5
35 59 6
35 60 8
35 61 7
35 62 6
35 63 5
35 64 4
35 65 3
35 67 5
35 68 6
35 69 7
35 70 9
35 71 8
35 72 7
35 73 6
35 74 5
35 75 4
35 78 7
35 80 10
35 81 9
35 82 8
35 83 7
35 84 6
35 85 5
35 86 6
35 88 8
35 89 9
35 90 11
35 91 10
35 92 9
35 93 8
35 94 7
35 95 6
35 98 9
35 99 10
36 37 1
36 39 3
36 40 7
36 41 6
36 42 5
36 46 1
36 47 2
36 48 3
36 49 4
36 50 8
36 51 7
36 53 5
36 55 3
36 56 2
36 57 3
36 58 4
36 59 5
36 60 9
36 61 8
36 62 7
36 63 6
36 64 5
36 65 4
36 67 4
36 68 5
36 69 6
36 70 10
36 71 9
36 72 8
36 73 7
36 74 6
36 75 5
36 78 6
36 80 11
36 81 10
36 82 9
36 83 8
36 84 7
36 85 6
36 86 5
36 88 7
36 89 8
36 90 12
36 91 11
36 92 10
36 93 9
36 94 8
36 95 7
36 98 8
36 99 9
37 39 2
37 40 8
37 41 7
37 42 6
37 46 2
37 47 1
37 48 2
37 49 3
37 50 9
37 51 8
37 53 6
37 55 4
37 56 3
37 57 2
37 58 3
37 59 4
37 60 10
37 61 9
37 62 8
37 63 7
37 64 6
37 65 5
37 67 3
37 68 4
37 69 5
37 70 11
37 71 10
37 72 9
37 73 8
37 74 7
37 75 6
37 78 5
37 80 12
37 81 11
37 82 10
37 83 9
37 84 8
37 85 7
37 86 6
37 88 6
37 89 7
37 90 13
37 91 12
37 92 11
37 93 10
37 94 9
37 95 8
37 98 7
37 99 8
39 40 10
39 41 9
39 42 8
39 46 4
39 47 3
39 48 2
39 49 1
39 50 11
39 51 10
39 53 8
39 55 6
39 56 5
39 57 4
39 58 3
39 59 2
39 60 12
39 61 11
39 62 10
39 63 9
39 64 8
39 65 7
39 67 5
39 68 4
39 69 3
39 70 13
39 71 12
39 72 11
39 73 10
39 74 9
39 75 8
39 78 5
39 80 14
39 81 13
39 82 12
39 83 11
39 84 10
39 85 9
39 86 8
39 88 6
39 89 5
39 90 15
39 91 14
39 92 13
39 93 12
39 94 11
39 95 10
39 98 7
39 99 6
40 41 1
40 42 2
40 46 6
40 47 7
40 48 8
40 49 9
40 50 1
40 51 2
40 53 4
40 55 6
40 56 7
40 57 8
40 58 9
40 59 10
40 60 2
40 61 3
40 62 4
40 63 5
40 64 6
40 65 7
40 67 9
40 68 10
40 69 11
40 70 3
40 71 4
40 72 5
40 73 6
40 74 7
40 75 8
40 78 11
40 80 4
40 81 5
40 82 6
40 83 7
40 84 8
40 85 9
40 86 10
40 88 12
40 89 13
40 90 5
40 91 6
40 92 7
40 93 8
40 94 9
40 95 10
40 98 13
40 99 14
41 42 1
41 46 5
41 47 6
41 48 7
41 49 8
41 50 2
41 51 1
41 53 3
41 55 5
41 56 6
41 57 7
41 58 8
41 59 9
41 60 3
41 61 2
41 62 3
41 63 4
41 64 5
41 65 6
41 67 8
41 68 9
41 69 10
41 70 4
41 71 3
41 72 4
41 73 5
41 74 6
41 75 7
41 78 10
41 80 5
41 81 4
41 82 5
41 83 6
41 84 7
41 85 8
41 86 9
41 88 11
41 89 12
41 90 6
41 91 5
41 92 6
41 93 7
41 94 8
41 95 9
41 98 12
41 99 13
42 46 4
42 47 5
42 48 6
42 49 7
42 50 3
42 51 2
42 53 2
42 55 4
42 56 5
42 57 6
42 58 7
42 59 8
42 60 4
42 61 3
42 62 2
42 63 3
42 64 4
42 65 5
42 67 7
42 68 8
42 69 9
42 70 5
42 71 4
42 72 3
42 73 4
42 74 5
42 75 6
42 78 9
42 80 6
42 81 5
42 82 4
42 83 5
42 84 6
42 85 7
42 86 8
42 88 10
42 89 11
42 90 7
42 91 6
42 92 5
42 93 6
42 94 7
42 95 8
42 98 11
42 99 12
46 47 1
46 48 2
46 49 3
46 50 7
46 51 6
46 53 4
46 55 2
46 56 1
46 57 2
46 58 3
46 59 4
46 60 8
46 61 7
46 62 6
46 63 5
46 64 4
46 65 3
46 67 3
46 68 4
46 69 5
46 70 9
46 71 8
46 72 7
46 73 6
46 74 5
46 75 4
46 78 5
46 80 10
46 81 9
46 82 8
46 83 7
46 84 6
46 85 5
46 86 4
46 88 6
46 89 7
46 90 11
46 91 10
46 92 9
46 93 8
46 94 7
46 95 6
46 98 7
46 99 8
47 48 1
47 49 2
47 50 8
47 51 7
47 53 5
47 55 3
47 56 2
47 57 1
47 58 2
47 59 3
47 60 9
47 61 8
47 62 7
47 63 6
47 64 5
47 65 4
47 67 2
47 68 3
47 69 4
47 70 10
47 71 9
47 72 8
47 73 7
47 74 6
47 75 5
47 78 4
47 80 11
47 81 10
47 82 9
47 83 8
47 84 7
47 85 6
47 86 5
47 88 5
47 89 6
47 90 12
47 91 11
47 92 10
47 93 9
47 94 8
47 95 7
47 98 6
47 99 7
48 49 1
48 50 9
48 51 8
48 53 6
48 55 4
48 56 3
48 57 2
48 58 1
48 59 2
48 60 10
48 61 9
48 62 8
48 63 7
48 64 6
48 65 5
48 67 3
48 68 2
48 69 3
48 70 11
48 71 10
48 72 9
48 73 8
48 74 7
48 75 6
48 78 3
48 80 12
48 81 11
48 82 10
48 83 9
48 84 8
48 85 7
48 86 6
48 88 4
48 89 5
48 90 13
48 91 12
48 92 11
48 93 10
48 94 9
48 95 8
48 98 5
48 99 6
49 50 10
49 51 9
49 53 7
49 55 5
49 56 4
49 57 3
49 58 2
49 59 1
49 60 11
49 61 10
49 62 9
49 63 8
49 64 7
49 65 6
49 67 4
49 68 3
49 69 2
49 70 12
49 71 11
49 72 10
49 73 9
49 74 8
49 75 7
49 78 4
49 80 13
49 81 12
49 82 11
49 83 10
49 84 9
49 85 8
49 86 7
49 88 5
49 89 4
49 90 14
49 91 13
49 92 12
49 93 11
49 94 10
49 95 9
49 98 6
49 99 5
50 51 1
50 53 3
50 55 5
50 56 6
50 57 7
50 58 8
50 59 9
50 60 1
50 61 2
50 62 3
50 63 4
50 64 5
50 65 6
50 67 8
50 68 9
50 69 10
50 70 2
50 71 3
50 72 4
50 73 5
50 74 6
50 75 7
50 78 10
50 80 3
50 81 4
50 82 5
50 83 6
50 84 7
50 85 8
50 86 9
50 88 11
50 89 12
50 90 4
50 91 5
50 92 6
50 93 7
50 94 8
50 95 9
50 98 12
50 99 13
51 53 2
51 55 4
51 56 5
51 57 6
51 58 7
51 59 8
51 60 2
51 61 1
51 62 2
51 63 3
51 64 4
51 65 5
51 67 7
51 68 8
51 69 9
51 70 3
51 71 2
51 72 3
51 73 4
51 74 5
51 75 6
51 78 9
51 80 4
51 81 3
51 82 4
51 83 5
51 84 6
51 85 7
51 86 8
51 88 10
51 89 11
51 90 5
51 91 4
51 92 5
51 93 6
51 94 7
51 95 8
51 98 11
51 99 12
53 55 2
53 56 3
53 57 4
53 58 5
53 59 6
53 60 4
53 61 3
53 62 2
53 63 1
53 64 2
53 65 3
53 67 5
53 68 6
53 69 7
53 70 5
53 71 4
53 72 3
53 73 2
53 74 3
53 75 4
53 78 7
53 80 6
53 81 5
53 82 4
53 83 3
53 84 4
53 85 5
53 86 6
53 88 8
53 89 9
53 90 7
53 91 6
53 92 5
53 93 4
53 94 5
53 95 6
53 98 9
53 99 10
55 56 1
55 57 2
55 58 3
55 59 4
55 60 6
55 61 5
55 62 4
55 63 3
55 64 2
55 65 1
55 67 3
55 68 4
55 69 5
55 70 7
55 71 6
55 72 5
55 73 4
55 74 3
55 75 2
55 78 5
55 80 8
55 81 7
55 82 6
55 83 5
55 84 4
55 85 3
55 86 4
55 88 6
55 89 7
55 90 9
55 91 8
55 92 7
55 93 6
55 94 5
55 95 4
55 98 7
55 99 8
56 57 1
56 58 2
56 59 3
56 60 7
56 61 6
56 62 5
56 63 4
56 64 3
56 65 2
56 67 2
56 68 3
56 69 4
56 70 8
56 71 7
56 72 6
56 73 5
56 74 4
56 75 3
56 78 4
56 80 9
56 81 8
56 82 7
56 83 6
56 84 5
56 85 4
56 86 3
56 88 5
56 89 6
56 90 10
56 91 9
56 92 8
56 93 7
56 94 6
56 95 5
56 98 6
56 99 7
57 58 1
57 59 2
57 60 8
57 61 7
57 62 6
57 63 5
57 64 4
57 65 3
57 67 1
57 68 2
57 69 3
57 70 9
57 71 8
57 72 7
57 73 6
57 74 5
57 75 4
57 78 3
57 80 10
57 81 9
57 82 8
57 83 7
57 84 6
57 85 5
57 86 4
57 88 4
57 89 5
57 90 11
57 91 10
57 92 9
57 93 8
57 94 7
57 95 6
57 98 5
57 99 6
58 59 1
58 60 9
58 61 8
58 62 7
58 63 6
58 64 5
58 65 4
58 67 2
58 68 1
58 69 2
58 70 10
58 71 9
58 72 8
58 73 7
58 74 6
58 75 5
58 78 2
58 80 11
58 81 10
58 82 9
58 83 8
58 84 7
58 85 6
58 86 5
58 88 3
58 89 4
58 90 12
58 91 11
58 92 10
58 93 9
58 94 8
58 95 7
58 98 4
58 99 5
59 60 10
59 61 9
59 62 8
59 63 7
59 64 6
59 65 5
59 67 3
59 68 2
59 69 1
59 70 11
59 71 10
59 72 9
59 73 8
59 74 7
59 75 6
59 78 3
59 80 12
59 81 11
59 82 10
59 83 9
59 84 8
59 85 7
59 86 6
59 88 4
59 89 3
59 90 13
59 91 12
59 92 11
59 93 10
59 94 9
59 95 8
59 98 5
59 99 4
60 61 1
60 62 2
60 63 3
60 64 4
60 65 5
60 67 7
60 68 8
60 69 9
60 70 1
60 71 2
60 72 3
60 73 4
60 74 5
60 75 6
60 78 9
60 80 2
60 81 3
60 82 4
60 83 5
60 84 6
60 85 7
60 86 8
60 88 10
60 89 11
60 90 3
60 91 4
60 92 5
60 93 6
60 94 7
60 95 8
60 98 11
60 99 12
61 62 1
61 63 2
61 64 3
61 65 4
61 67 6
61 68 7
61 69 8
61 70 2
61 71 1
61 72 2
61 73 3
61 74 4
61 75 5
61 78 8
61 80 3
61 81 2
61 82 3
61 83 4
61 84 5
61 85 6
61 86 7
61 88 9
61 89 10
61 90 4
61 91 3
61 92 4
61 93 5
61 94 6
61 95 7
61 98 10
61 99 11
62 63 1
62 64 2
62 65 3
62 67 5
62 68 6
62 69 7
62 70 3
62 71 2
62 72 1
62 73 2
62 74 3
62 75 4
62 78 7
62 80 4
62 81 3
62 82 2
62 83 3
62 84 4
62 85 5
62 86 6
62 88 8
62 89 9
62 90 5
62 91 4
62 92 3
62 93 4
62 94 5
62 95 6
62 98 9
62 99 10
63 64 1
63 65 2
63 67 4
63 68 5
63 69 6
63 70 4
63 71 3
63 72 2
63 73 1
63 74 2
63 75 3
63 78 6
63 80 5
63 81 4
63 82 3
63 83 2
63 84 3
63 85 4
63 86 5
63 88 7
63 89 8
63 90 6
63 91 5
63 92 4
63 93 3
63 94 4
63 95 5
63 98 8
63 99 9
64 65 1
64 67 3
64 68 4
64 69 5
64 70 5
64 71 4
64 72 3
64 73 2
64 74 1
64 75 2
64 78 5
64 80 6
64 81 5
64 82 4
64 83 3
64 84 2
64 85 3
64 86 4
64 88 6
64 89 7
64 90 7
64 91 6
64 92 5
64 93 4
64 94 3
64 95 4
64 98 7
64 99 8
65 67 2
65 68 3
65 69 4
65 70 6
65 71 5
65 72 4
65 73 3
65 74 2
65 75 1
65 78 4
65 80 7
65 81 6
65 82 5
65 83 4
65 84 3
65 85 2
65 86 3
65 88 5
65 89 6
65 90 8
65 91 7
65 92 6
65 93 5
65 94 4
65 95 3
65 98 6
65 99 7
67 68 1
67 69 2
67 70 8
67 71 7
67 72 6
67 73 5
67 74 4
67 75 3
67 78 2
67 80 9
67 81 8
67 82 7
67 83 6
67 84 5
67 85 4
67 86 3
67 88 3
67 89 4
67 90 10
67 91 9
67 92 8
67 93 7
67 94 6
67 95 5
67 98 4
67 99 5
68 69 1
68 70 9
68 71 8
68 72 7
68 73 6
68 74 5
68 75 4
68 78 1
68 80 10
68 81 9
68 82 8
68 83 7
68 84 6
68 85 5
68 86 4
68 88 2
68 89 3
68 90 11
68 91 10
68 92 9
68 93 8
68 94 7
68 95 6
68 98 3
68 99 4
69 70 10
69 71 9
69 72 8
69 73 7
69 74 6
69 75 5
69 78 2
69 80 11
69 81 10
69 82 9
69 83 8
69 84 7
69 85 6
69 86 5
69 88 3
69 89 2
69 90 12
69 91 11
69 92 10
69 93 9
69 94 8
69 95 7
69 98 4
69 99 3
70 71 1
70 72 2
70 73 3
70 74 4
70 75 5
70 78 8
70 80 1
70 81 2
70 82 3
70 83 4
70 84 5
70 85 6
70 86 7
70 88 9
70 89 10
70 90 2
70 91 3
70 92 4
70 93 5
70 94 6
70 95 7
70 98 10
70 99 11
71 72 1
71 73 2
71 74 3
71 75 4
71 78 7
71 80 2
71 81 1
71 82 2
71 83 3
71 84 4
71 85 5
71 86 6
71 88 8
71 89 9
71 90 3
71 91 2
71 92 3
71 93 4
71 94 5
71 95 6
71 98 9
71 99 10
72 73 1
72 74 2
72 75 3
72 78 6
72 80 3
72 81 2
72 82 1
72 83 2
72 84 3
72 85 4
72 86 5
72 88 7
72 89 8
72 90 4
72 91 3
72 92 2
72 93 3
72 94 4
72 95 5
72 98 8
72 99 9
73 74 1
73 75 2
73 78 5
73 80 4
73 81 3
73 82 2
73 83 1
73 84 2
73 85 3
73 86 4
73 88 6
73 89 7
73 90 5
73 91 4
73 92 3
73 93 2
73 94 3
73 95 4
73 98 7
73 99 8
74 75 1
74 78 4
74 80 5
74 81 4
74 82 3
74 83 2
74 84 1
74 85 2
74 86 3
74 88 5
74 89 6
74 90 6
74 91 5
74 92 4
74 93 3
74 94 2
74 95 3
74 98 6
74 99 7
75 78 3
75 80 6
75 81 5
75 82 4
75 83 3
75 84 2
75 85 1
75 86 2
75 88 4
75 89 5
75 90 7
75 91 6
75 92 5
75 93 4
75 94 3
75 95 2
75 98 5
75 99 6
78 80 9
78 81 8
78 82 7
78 83 6
78 84 5
78 85 4
78 86 3
78 88 1
78 89 2
78 90 10
78 91 9
78 92 8
78 93 7
78 94 6
78 95 5
78 98 2
78 99 3
80 81 1
80 82 2
80 83 3
80 84 4
80 85 5
80 86 6
80 88 8
80 89 9
80 90 1
80 91 2
80 92 3
80 93 4
80 94 5
80 95 6
80 98 9
80 99 10
81 82 1
81 83 2
81 84 3
81 85 4
81 86 5
81 88 7
81 89 8
81 90 2
81 91 1
81 92 2
81 93 3
81 94 4
81 95 5
81 98 8
81 99 9
82 83 1
82 84 2
82 85 3
82 86 4
82 88 6
82 89 7
82 90 3
82 91 2
82 92 1
82 93 2
82 94 3
82 95 4
82 98 7
82 99 8
83 84 1
83 85 2
83 86 3
83 88 5
83 89 6
83 90 4
83 91 3
83 92 2
83 93 1
83 94 2
83 95 3
83 98 6
83 99 7
84 85 1
84 86 2
84 88 4
84 89 5
84 90 5
84 91 4
84 92 3
84 93 2
84 94 1
84 95 2
84 98 5
84 99 6
85 86 1
85 88 3
85 89 4
85 90 6
85 91 5
85 92 4
85 93 3
85 94 2
85 95 1
85 98 4
85 99 5
86 88 2
86 89 3
86 90 7
86 91 6
86 92 5
86 93 4
86 94 3
86 95 2
86 98 3
86 99 4
88 89 1
88 90 9
88 91 8
88 92 7
88 93 6
88 94 5
88 95 4
88 98 1
88 99 2
89 90 10
89 91 9
89 92 8
89 93 7
89 94 6
89 95 5
89 98 2
89 99 1
90 91 1
90 92 2
90 93 3
90 94 4
90 95 5
90 98 8
90 99 9
91 92 1
91 93 2
91 94 3
91 95 4
91 98 7
91 99 8
92 93 1
92 94 2
92 95 3
92 98 6
92 99 7
93 94 1
93 95 2
93 98 5
93 99 6
94 95 1
94 98 4
94 99 5
95 98 3
95 99 4
98 99 1
0 1 3
0 2 0
0 3 4
0 4 2
0 5 3
0 6 2
0 7 3
0 8 0
0 9 4
0 10 0
0 11 2
0 12 1
0 13 0
0 14 0
0 15 1
0 16 4
0 17 0
0 18 4
0 19 2
0 20 1
0 21 0
0 22 4
0 23 2
0 24 1
0 25 0
0 26 4
0 27 2
0 28 3
0 29 0
1 2 4
1 3 1
1 4 3
1 5 0
1 6 0
1 7 0
1 8 3
1 9 3
1 10 3
1 11 4
1 12 3
1 13 4
1 14 1
1 15 4
1 16 4
1 17 2
1 18 1
1 19 4
1 20 3
1 21 0
1 22 1
1 23 4
1 24 1
1 25 1
1 26 2
1 27 3
1 28 1
1 29 1
2 3 1
2 4 4
2 5 1
2 6 0
2 7 0
2 8 4
2 9 1
2 10 1
2 11 0
2 12 4
2 13 4
2 14 3
2 15 4
2 16 2
2 17 2
2 18 0
2 19 2
2 20 2
2 21 2
2 22 3
2 23 1
2 24 0
2 25 4
2 26 3
2 27 0
2 28 0
2 29 4
3 4 2
3 5 3
3 6 0
3 7 3
3 8 4
3 9 0
3 10 4
3 11 0
3 12 1
3 13 4
3 14 1
3 15 3
3 16 4
3 17 1
3 18 3
3 19 3
3 20 0
3 21 1
3 22 0
3 23 1
3 24 3
3 25 2
3 26 4
3 27 1
3 28 4
3 29 4
4 5 0
4 6 2
4 7 0
4 8 1
4 9 1
4 10 2
4 11 4
4 12 2
4 13 1
4 14 4
4 15 2
4 16 1
4 17 0
4 18 4
4 19 1
4 20 1
4 21 2
4 22 0
4 23 3
4 24 0
4 25 3
4 26 4
4 27 1
4 28 4
4 29 0
5 6 0
5 7 2
5 8 4
5 9 2
5 10 1
5 11 4
5 12 2
5 13 3
5 14 4
5 15 4
5 16 0
5 17 2
5 18 3
5 19 2
5 20 4
5 21 3
5 22 4
5 23 1
5 24 3
5 25 4
5 26 2
5 27 0
5 28 1
5 29 2
6 7 4
6 8 2
6 9 1
6 10 3
6 11 4
6 12 0
6 13 3
6 14 4
6 15 3
6 16 3
6 17 1
6 18 4
6 19 2
6 20 4
6 21 3
6 22 2
6 23 3
6 24 3
6 25 0
6 26 2
6 27 0
6 28 0
6 29 1
7 8 0
7 9 1
7 10 0
7 11 4
7 12 3
7 13 1
7 14 0
7 15 1
7 16 0
7 17 3
7 18 2
7 19 4
7 20 2
7 21 3
7 22 3
7 23 2
7 24 1
7 25 1
7 26 3
7 27 1
7 28 4
7 29 3
8 9 4
8 10 2
8 11 2
8 12 2
8 13 3
8 14 4
8 15 2
8 16 3
8 17 1
8 18 2
8 19 4
8 20 1
8 21 1
8 22 3
8 23 2
8 24 2
8 25 4
8 26 3
8 27 0
8 28 2
8 29 2
9 10 2
9 11 0
9 12 0
9 13 0
9 14 2
9 15 2
9 16 3
9 17 3
9 18 1
9 19 2
9 20 3
9 21 4
9 22 4
9 23 1
9 24 2
9 25 4
9 26 3
9 27 0
9 28 0
9 29 1
10 11 0
10 12 2
10 13 3
10 14 3
10 15 0
10 16 1
10 17 2
10 18 4
10 19 2
10 20 4
10 21 1
10 22 0
10 23 0
10 24 2
10 25 0
10 26 2
10 27 0
10 28 4
10 29 1
11 12 2
11 13 1
11 14 0
11 15 1
11 16 1
11 17 1
11 18 3
11 19 0
11 20 0
11 21 4
11 22 1
11 23 2
11 24 4
11 25 4
11 26 0
11 27 2
11 28 4
11 29 2
12 13 4
12 14 3
12 15 4
12 16 4
12 17 0
12 18 4
12 19 4
12 20 3
12 21 4
12 22 2
12 23 3
12 24 3
12 25 3
12 26 0
12 27 0
12 28 3
12 29 2
13 14 1
13 15 0
13 16 0
13 17 1
13 18 0
13 19 0
13 20 3
13 21 2
13 22 4
13 23 2
13 24 3
13 25 2
13 26 2
13 27 0
13 28 2
13 29 1
14 15 4
14 16 1
14 17 2
14 18 4
14 19 1
14 20 0
14 21 4
14 22 3
14 23 4
14 24 2
14 25 2
14 26 4
14 27 2
14 28 1
14 29 2
15 16 4
15 17 1
15 18 3
15 19 0
15 20 1
15 21 3
15 22 4
15 23 3
15 24 2
15 25 2
15 26 2
15 27 4
15 28 0
15 29 2
16 17 2
16 18 2
16 19 2
16 20 3
16 21 4
16 22 2
16 23 4
16 24 4
16 25 1
16 26 3
16 27 3
16 28 3
16 29 0
17 18 3
17 19 1
17 20 2
17 21 0
17 22 0
17 23 3
17 24 3
17 25 1
17 26 0
17 27 2
17 28 1
17 29 4
18 19 0
18 20 3
18 21 1
18 22 4
18 23 4
18 24 4
18 25 2
18 26 1
18 27 1
18 28 0
18 29 0
19 20 3
19 21 0
19 22 0
19 23 4
19 24 3
19 25 4
19 26 3
19 27 4
19 28 3
19 29 0
20 21 1
20 22 4
20 23 0
20 24 0
20 25 3
20 26 2
20 27 0
20 28 0
20 29 3
21 22 0
21 23 0
21 24 2
21 25 1
21 26 0
21 27 1
21 28 0
21 29 2
22 23 3
22 24 2
22 25 3
22 26 3
22 27 0
22 28 4
22 29 4
23 24 0
23 25 3
23 26 4
23 27 4
23 28 2
23 29 2
24 25 4
24 26 4
24 27 1
24 28 4
24 29 0
25 26 0
25 27 2
25 28 0
25 29 0
26 27 0
26 28 0
26 29 1
27 28 2
27 29 2
28 29 1
