80 20
1 2 1
1 3 2
1 4 3
1 5 4
1 6 5
1 7 6
1 8 7
1 10 2
1 11 1
1 13 3
1 15 5
1 16 6
1 17 7
1 18 8
1 19 9
1 20 3
1 21 2
1 22 3
1 23 4
1 24 5
1 25 6
1 26 7
1 27 8
1 29 10
1 30 4
1 31 3
1 32 4
1 33 5
1 36 8
1 39 11
1 40 5
1 41 4
1 42 5
1 44 7
1 47 10
1 48 11
1 49 12
1 50 6
1 51 5
1 52 6
1 53 7
1 55 9
1 56 10
1 58 12
1 59 13
1 60 7
1 61 6
1 62 7
1 63 8
1 64 9
1 65 10
1 67 12
1 68 13
1 69 14
1 71 7
1 72 8
1 73 9
1 74 10
1 76 12
1 77 13
1 78 14
1 79 15
1 80 9
1 82 9
1 83 10
1 85 12
1 86 13
1 87 14
1 89 16
1 90 10
1 91 9
1 92 10
1 93 11
1 94 12
1 95 13
1 96 14
1 97 15
1 98 16
1 99 17
2 3 1
2 4 2
2 5 3
2 6 4
2 7 5
2 8 6
2 10 3
2 11 2
2 13 2
2 15 4
2 16 5
2 17 6
2 18 7
2 19 8
2 20 4
2 21 3
2 22 2
2 23 3
2 24 4
2 25 5
2 26 6
2 27 7
2 29 9
2 30 5
2 31 4
2 32 3
2 33 4
2 36 7
2 39 10
2 40 6
2 41 5
2 42 4
2 44 6
2 47 9
2 48 10
2 49 11
2 50 7
2 51 6
2 52 5
2 53 6
2 55 8
2 56 9
2 58 11
2 59 12
2 60 8
2 61 7
2 62 6
2 63 7
2 64 8
2 65 9
2 67 11
2 68 12
2 69 13
2 71 8
2 72 7
2 73 8
2 74 9
2 76 11
2 77 12
2 78 13
2 79 14
2 80 10
2 82 8
2 83 9
2 85 11
2 86 12
2 87 13
2 89 15
2 90 11
2 91 10
2 92 9
2 93 10
2 94 11
2 95 12
2 96 13
2 97 14
2 98 15
2 99 16
3 4 1
3 5 2
3 6 3
3 7 4
3 8 5
3 10 4
3 11 3
3 13 1
3 15 3
3 16 4
3 17 5
3 18 6
3 19 7
3 20 5
3 21 4
3 22 3
3 23 2
3 24 3
3 25 4
3 26 5
3 27 6
3 29 8
3 30 6
3 31 5
3 32 4
3 33 3
3 36 6
3 39 9
3 40 7
3 41 6
3 42 5
3 44 5
3 47 8
3 48 9
3 49 10
3 50 8
3 51 7
3 52 6
3 53 5
3 55 7
3 56 8
3 58 10
3 59 11
3 60 9
3 61 8
3 62 7
3 63 6
3 64 7
3 65 8
3 67 10
3 68 11
3 69 12
3 71 9
3 72 8
3 73 7
3 74 8
3 76 10
3 77 11
3 78 12
3 79 13
3 80 11
3 82 9
3 83 8
3 85 10
3 86 11
3 87 12
3 89 14
3 90 12
3 91 11
3 92 10
3 93 9
3 94 10
3 95 11
3 96 12
3 97 13
3 98 14
3 99 15
4 5 1
4 6 2
4 7 3
4 8 4
4 10 5
4 11 4
4 13 2
4 15 2
4 16 3
4 17 4
4 18 5
4 19 6
4 20 6
4 21 5
4 22 4
4 23 3
4 24 2
4 25 3
4 26 4
4 27 5
4 29 7
4 30 7
4 31 6
4 32 5
4 33 4
4 36 5
4 39 8
4 40 8
4 41 7
4 42 6
4 44 4
4 47 7
4 48 8
4 49 9
4 50 9
4 51 8
4 52 7
4 53 6
4 55 6
4 56 7
4 58 9
4 59 10
4 60 10
4 61 9
4 62 8
4 63 7
4 64 6
4 65 7
4 67 9
4 68 10
4 69 11
4 71 10
4 72 9
4 73 8
4 74 7
4 76 9
4 77 10
4 78 11
4 79 12
4 80 12
4 82 10
4 83 9
4 85 9
4 86 10
4 87 11
4 89 13
4 90 13
4 91 12
4 92 11
4 93 10
4 94 9
4 95 10
4 96 11
4 97 12
4 98 13
4 99 14
5 6 1
5 7 2
5 8 3
5 10 6
5 11 5
5 13 3
5 15 1
5 16 2
5 17 3
5 18 4
5 19 5
5 20 7
5 21 6
5 22 5
5 23 4
5 24 3
5 25 2
5 26 3
5 27 4
5 29 6
5 30 8
5 31 7
5 32 6
5 33 5
5 36 4
5 39 7
5 40 9
5 41 8
5 42 7
5 44 5
5 47 6
5 48 7
5 49 8
5 50 10
5 51 9
5 52 8
5 53 7
5 55 5
5 56 6
5 58 8
5 59 9
5 60 11
5 61 10
5 62 9
5 63 8
5 64 7
5 65 6
5 67 8
5 68 9
5 69 10
5 71 11
5 72 10
5 73 9
5 74 8
5 76 8
5 77 9
5 78 10
5 79 11
5 80 13
5 82 11
5 83 10
5 85 8
5 86 9
5 87 10
5 89 12
5 90 14
5 91 13
5 92 12
5 93 11
5 94 10
5 95 9
5 96 10
5 97 11
5 98 12
5 99 13
6 7 1
6 8 2
6 10 7
6 11 6
6 13 4
6 15 2
6 16 1
6 17 2
6 18 3
6 19 4
6 20 8
6 21 7
6 22 6
6 23 5
6 24 4
6 25 3
6 26 2
6 27 3
6 29 5
6 30 9
6 31 8
6 32 7
6 33 6
6 36 3
6 39 6
6 40 10
6 41 9
6 42 8
6 44 6
6 47 5
6 48 6
6 49 7
6 50 11
6 51 10
6 52 9
6 53 8
6 55 6
6 56 5
6 58 7
6 59 8
6 60 12
6 61 11
6 62 10
6 63 9
6 64 8
6 65 7
6 67 7
6 68 8
6 69 9
6 71 12
6 72 11
6 73 10
6 74 9
6 76 7
6 77 8
6 78 9
6 79 10
6 80 14
6 82 12
6 83 11
6 85 9
6 86 8
6 87 9
6 89 11
6 90 15
6 91 14
6 92 13
6 93 12
6 94 11
6 95 10
6 96 9
6 97 10
6 98 11
6 99 12
7 8 1
7 10 8
7 11 7
7 13 5
7 15 3
7 16 2
7 17 1
7 18 2
7 19 3
7 20 9
7 21 8
7 22 7
7 23 6
7 24 5
7 25 4
7 26 3
7 27 2
7 29 4
7 30 10
7 31 9
7 32 8
7 33 7
7 36 4
7 39 5
7 40 11
7 41 10
7 42 9
7 44 7
7 47 4
7 48 5
7 49 6
7 50 12
7 51 11
7 52 10
7 53 9
7 55 7
7 56 6
7 58 6
7 59 7
7 60 13
7 61 12
7 62 11
7 63 10
7 64 9
7 65 8
7 67 6
7 68 7
7 69 8
7 71 13
7 72 12
7 73 11
7 74 10
7 76 8
7 77 7
7 78 8
7 79 9
7 80 15
7 82 13
7 83 12
7 85 10
7 86 9
7 87 8
7 89 10
7 90 16
7 91 15
7 92 14
7 93 13
7 94 12
7 95 11
7 96 10
7 97 9
7 98 10
7 99 11
8 10 9
8 11 8
8 13 6
8 15 4
8 16 3
8 17 2
8 18 1
8 19 2
8 20 10
8 21 9
8 22 8
8 23 7
8 24 6
8 25 5
8 26 4
8 27 3
8 29 3
8 30 11
8 31 10
8 32 9
8 33 8
8 36 5
8 39 4
8 40 12
8 41 11
8 42 10
8 44 8
8 47 5
8 48 4
8 49 5
8 50 13
8 51 12
8 52 11
8 53 10
8 55 8
8 56 7
8 58 5
8 59 6
8 60 14
8 61 13
8 62 12
8 63 11
8 64 10
8 65 9
8 67 7
8 68 6
8 69 7
8 71 14
8 72 13
8 73 12
8 74 11
8 76 9
8 77 8
8 78 7
8 79 8
8 80 16
8 82 14
8 83 13
8 85 11
8 86 10
8 87 9
8 89 9
8 90 17
8 91 16
8 92 15
8 93 14
8 94 13
8 95 12
8 96 11
8 97 10
8 98 9
8 99 10
10 11 1
10 13 3
10 15 5
10 16 6
10 17 7
10 18 8
10 19 9
10 20 1
10 21 2
10 22 3
10 23 4
10 24 5
10 25 6
10 26 7
10 27 8
10 29 10
10 30 2
10 31 3
10 32 4
10 33 5
10 36 8
10 39 11
10 40 3
10 41 4
10 42 5
10 44 7
10 47 10
10 48 11
10 49 12
10 50 4
10 51 5
10 52 6
10 53 7
10 55 9
10 56 10
10 58 12
10 59 13
10 60 5
10 61 6
10 62 7
10 63 8
10 64 9
10 65 10
10 67 12
10 68 13
10 69 14
10 71 7
10 72 8
10 73 9
10 74 10
10 76 12
10 77 13
10 78 14
10 79 15
10 80 7
10 82 9
10 83 10
10 85 12
10 86 13
10 87 14
10 89 16
10 90 8
10 91 9
10 92 10
10 93 11
10 94 12
10 95 13
10 96 14
10 97 15
10 98 16
10 99 17
11 13 2
11 15 4
11 16 5
11 17 6
11 18 7
11 19 8
11 20 2
11 21 1
11 22 2
11 23 3
11 24 4
11 25 5
11 26 6
11 27 7
11 29 9
11 30 3
11 31 2
11 32 3
11 33 4
11 36 7
11 39 10
11 40 4
11 41 3
11 42 4
11 44 6
11 47 9
11 48 10
11 49 11
11 50 5
11 51 4
11 52 5
11 53 6
11 55 8
11 56 9
11 58 11
11 59 12
11 60 6
11 61 5
11 62 6
11 63 7
11 64 8
11 65 9
11 67 11
11 68 12
11 69 13
11 71 6
11 72 7
11 73 8
11 74 9
11 76 11
11 77 12
11 78 13
11 79 14
11 80 8
11 82 8
11 83 9
11 85 11
11 86 12
11 87 13
11 89 15
11 90 9
11 91 8
11 92 9
11 93 10
11 94 11
11 95 12
11 96 13
11 97 14
11 98 15
11 99 16
13 15 2
13 16 3
13 17 4
13 18 5
13 19 6
13 20 4
13 21 3
13 22 2
13 23 1
13 24 2
13 25 3
13 26 4
13 27 5
13 29 7
13 30 5
13 31 4
13 32 3
13 33 2
13 36 5
13 39 8
13 40 6
13 41 5
13 42 4
13 44 4
13 47 7
13 48 8
13 49 9
13 50 7
13 51 6
13 52 5
13 53 4
13 55 6
13 56 7
13 58 9
13 59 10
13 60 8
13 61 7
13 62 6
13 63 5
13 64 6
13 65 7
13 67 9
13 68 10
13 69 11
13 71 8
13 72 7
13 73 6
13 74 7
13 76 9
13 77 10
13 78 11
13 79 12
13 80 10
13 82 8
13 83 7
13 85 9
13 86 10
13 87 11
13 89 13
13 90 11
13 91 10
13 92 9
13 93 8
13 94 9
13 95 10
13 96 11
13 97 12
13 98 13
13 99 14
15 16 1
15 17 2
15 18 3
15 19 4
15 20 6
15 21 5
15 22 4
15 23 3
15 24 2
15 25 1
15 26 2
15 27 3
15 29 5
15 30 7
15 31 6
15 32 5
15 33 4
15 36 3
15 39 6
15 40 8
15 41 7
15 42 6
15 44 4
15 47 5
15 48 6
15 49 7
15 50 9
15 51 8
15 52 7
15 53 6
15 55 4
15 56 5
15 58 7
15 59 8
15 60 10
15 61 9
15 62 8
15 63 7
15 64 6
15 65 5
15 67 7
15 68 8
15 69 9
15 71 10
15 72 9
15 73 8
15 74 7
15 76 7
15 77 8
15 78 9
15 79 10
15 80 12
15 82 10
15 83 9
15 85 7
15 86 8
15 87 9
15 89 11
15 90 13
15 91 12
15 92 11
15 93 10
15 94 9
15 95 8
15 96 9
15 97 10
15 98 11
15 99 12
16 17 1
16 18 2
16 19 3
16 20 7
16 21 6
16 22 5
16 23 4
16 24 3
16 25 2
16 26 1
16 27 2
16 29 4
16 30 8
16 31 7
16 32 6
16 33 5
16 36 2
16 39 5
16 40 9
16 41 8
16 42 7
16 44 5
16 47 4
16 48 5
16 49 6
16 50 10
16 51 9
16 52 8
16 53 7
16 55 5
16 56 4
16 58 6
16 59 7
16 60 11
16 61 10
16 62 9
16 63 8
16 64 7
16 65 6
16 67 6
16 68 7
16 69 8
16 71 11
16 72 10
16 73 9
16 74 8
16 76 6
16 77 7
16 78 8
16 79 9
16 80 13
16 82 11
16 83 10
16 85 8
16 86 7
16 87 8
16 89 10
16 90 14
16 91 13
16 92 12
16 93 11
16 94 10
16 95 9
16 96 8
16 97 9
16 98 10
16 99 11
17 18 1
17 19 2
17 20 8
17 21 7
17 22 6
17 23 5
17 24 4
17 25 3
17 26 2
17 27 1
17 29 3
17 30 9
17 31 8
17 32 7
17 33 6
17 36 3
17 39 4
17 40 10
17 41 9
17 42 8
17 44 6
17 47 3
17 48 4
17 49 5
17 50 11
17 51 10
17 52 9
17 53 8
17 55 6
17 56 5
17 58 5
17 59 6
17 60 12
17 61 11
17 62 10
17 63 9
17 64 8
17 65 7
17 67 5
17 68 6
17 69 7
17 71 12
17 72 11
17 73 10
17 74 9
17 76 7
17 77 6
17 78 7
17 79 8
17 80 14
17 82 12
17 83 11
17 85 9
17 86 8
17 87 7
17 89 9
17 90 15
17 91 14
17 92 13
17 93 12
17 94 11
17 95 10
17 96 9
17 97 8
17 98 9
17 99 10
18 19 1
18 20 9
18 21 8
18 22 7
18 23 6
18 24 5
18 25 4
18 26 3
18 27 2
18 29 2
18 30 10
18 31 9
18 32 8
18 33 7
18 36 4
18 39 3
18 40 11
18 41 10
18 42 9
18 44 7
18 47 4
18 48 3
18 49 4
18 50 12
18 51 11
18 52 10
18 53 9
18 55 7
18 56 6
18 58 4
18 59 5
18 60 13
18 61 12
18 62 11
18 63 10
18 64 9
18 65 8
18 67 6
18 68 5
18 69 6
18 71 13
18 72 12
18 73 11
18 74 10
18 76 8
18 77 7
18 78 6
18 79 7
18 80 15
18 82 13
18 83 12
18 85 10
18 86 9
18 87 8
18 89 8
18 90 16
18 91 15
18 92 14
18 93 13
18 94 12
18 95 11
18 96 10
18 97 9
18 98 8
18 99 9
19 20 10
19 21 9
19 22 8
19 23 7
19 24 6
19 25 5
19 26 4
19 27 3
19 29 1
19 30 11
19 31 10
19 32 9
19 33 8
19 36 5
19 39 2
19 40 12
19 41 11
19 42 10
19 44 8
19 47 5
19 48 4
19 49 3
19 50 13
19 51 12
19 52 11
19 53 10
19 55 8
19 56 7
19 58 5
19 59 4
19 60 14
19 61 13
19 62 12
19 63 11
19 64 10
19 65 9
19 67 7
19 68 6
19 69 5
19 71 14
19 72 13
19 73 12
19 74 11
19 76 9
19 77 8
19 78 7
19 79 6
19 80 16
19 82 14
19 83 13
19 85 11
19 86 10
19 87 9
19 89 7
19 90 17
19 91 16
19 92 15
19 93 14
19 94 13
19 95 12
19 96 11
19 97 10
19 98 9
19 99 8
20 21 1
20 22 2
20 23 3
20 24 4
20 25 5
20 26 6
20 27 7
20 29 9
20 30 1
20 31 2
20 32 3
20 33 4
20 36 7
20 39 10
20 40 2
20 41 3
20 42 4
20 44 6
20 47 9
20 48 10
20 49 11
20 50 3
20 51 4
20 52 5
20 53 6
20 55 8
20 56 9
20 58 11
20 59 12
20 60 4
20 61 5
20 62 6
20 63 7
20 64 8
20 65 9
20 67 11
20 68 12
20 69 13
20 71 6
20 72 7
20 73 8
20 74 9
20 76 11
20 77 12
20 78 13
20 79 14
20 80 6
20 82 8
20 83 9
20 85 11
20 86 12
20 87 13
20 89 15
20 90 7
20 91 8
20 92 9
20 93 10
20 94 11
20 95 12
20 96 13
20 97 14
20 98 15
20 99 16
21 22 1
21 23 2
21 24 3
21 25 4
21 26 5
21 27 6
21 29 8
21 30 2
21 31 1
21 32 2
21 33 3
21 36 6
21 39 9
21 40 3
21 41 2
21 42 3
21 44 5
21 47 8
21 48 9
21 49 10
21 50 4
21 51 3
21 52 4
21 53 5
21 55 7
21 56 8
21 58 10
21 59 11
21 60 5
21 61 4
21 62 5
21 63 6
21 64 7
21 65 8
21 67 10
21 68 11
21 69 12
21 71 5
21 72 6
21 73 7
21 74 8
21 76 10
21 77 11
21 78 12
21 79 13
21 80 7
21 82 7
21 83 8
21 85 10
21 86 11
21 87 12
21 89 14
21 90 8
21 91 7
21 92 8
21 93 9
21 94 10
21 95 11
21 96 12
21 97 13
21 98 14
21 99 15
22 23 1
22 24 2
22 25 3
22 26 4
22 27 5
22 29 7
22 30 3
22 31 2
22 32 1
22 33 2
22 36 5
22 39 8
22 40 4
22 41 3
22 42 2
22 44 4
22 47 7
22 48 8
22 49 9
22 50 5
22 51 4
22 52 3
22 53 4
22 55 6
22 56 7
22 58 9
22 59 10
22 60 6
22 61 5
22 62 4
22 63 5
22 64 6
22 65 7
22 67 9
22 68 10
22 69 11
22 71 6
22 72 5
22 73 6
22 74 7
22 76 9
22 77 10
22 78 11
22 79 12
22 80 8
22 82 6
22 83 7
22 85 9
22 86 10
22 87 11
22 89 13
22 90 9
22 91 8
22 92 7
22 93 8
22 94 9
22 95 10
22 96 11
22 97 12
22 98 13
22 99 14
23 24 1
23 25 2
23 26 3
23 27 4
23 29 6
23 30 4
23 31 3
23 32 2
23 33 1
23 36 4
23 39 7
23 40 5
23 41 4
23 42 3
23 44 3
23 47 6
23 48 7
23 49 8
23 50 6
23 51 5
23 52 4
23 53 3
23 55 5
23 56 6
23 58 8
23 59 9
23 60 7
23 61 6
23 62 5
23 63 4
23 64 5
23 65 6
23 67 8
23 68 9
23 69 10
23 71 7
23 72 6
23 73 5
23 74 6
23 76 8
23 77 9
23 78 10
23 79 11
23 80 9
23 82 7
23 83 6
23 85 8
23 86 9
23 87 10
23 89 12
23 90 10
23 91 9
23 92 8
23 93 7
23 94 8
23 95 9
23 96 10
23 97 11
23 98 12
23 99 13
24 25 1
24 26 2
24 27 3
24 29 5
24 30 5
24 31 4
24 32 3
24 33 2
24 36 3
24 39 6
24 40 6
24 41 5
24 42 4
24 44 2
24 47 5
24 48 6
24 49 7
24 50 7
24 51 6
24 52 5
24 53 4
24 55 4
24 56 5
24 58 7
24 59 8
24 60 8
24 61 7
24 62 6
24 63 5
24 64 4
24 65 5
24 67 7
24 68 8
24 69 9
24 71 8
24 72 7
24 73 6
24 74 5
24 76 7
24 77 8
24 78 9
24 79 10
24 80 10
24 82 8
24 83 7
24 85 7
24 86 8
24 87 9
24 89 11
24 90 11
24 91 10
24 92 9
24 93 8
24 94 7
24 95 8
24 96 9
24 97 10
24 98 11
24 99 12
25 26 1
25 27 2
25 29 4
25 30 6
25 31 5
25 32 4
25 33 3
25 36 2
25 39 5
25 40 7
25 41 6
25 42 5
25 44 3
25 47 4
25 48 5
25 49 6
25 50 8
25 51 7
25 52 6
25 53 5
25 55 3
25 56 4
25 58 6
25 59 7
25 60 9
25 61 8
25 62 7
25 63 6
25 64 5
25 65 4
25 67 6
25 68 7
25 69 8
25 71 9
25 72 8
25 73 7
25 74 6
25 76 6
25 77 7
25 78 8
25 79 9
25 80 11
25 82 9
25 83 8
25 85 6
25 86 7
25 87 8
25 89 10
25 90 12
25 91 11
25 92 10
25 93 9
25 94 8
25 95 7
25 96 8
25 97 9
25 98 10
25 99 11
26 27 1
26 29 3
26 30 7
26 31 6
26 32 5
26 33 4
26 36 1
26 39 4
26 40 8
26 41 7
26 42 6
26 44 4
26 47 3
26 48 4
26 49 5
26 50 9
26 51 8
26 52 7
26 53 6
26 55 4
26 56 3
26 58 5
26 59 6
26 60 10
26 61 9
26 62 8
26 63 7
26 64 6
26 65 5
26 67 5
26 68 6
26 69 7
26 71 10
26 72 9
26 73 8
26 74 7
26 76 5
26 77 6
26 78 7
26 79 8
26 80 12
26 82 10
26 83 9
26 85 7
26 86 6
26 87 7
26 89 9
26 90 13
26 91 12
26 92 11
26 93 10
26 94 9
26 95 8
26 96 7
26 97 8
26 98 9
26 99 10
27 29 2
27 30 8
27 31 7
27 32 6
27 33 5
27 36 2
27 39 3
27 40 9
27 41 8
27 42 7
27 44 5
27 47 2
27 48 3
27 49 4
27 50 10
27 51 9
27 52 8
27 53 7
27 55 5
27 56 4
27 58 4
27 59 5
27 60 11
27 61 10
27 62 9
27 63 8
27 64 7
27 65 6
27 67 4
27 68 5
27 69 6
27 71 11
27 72 10
27 73 9
27 74 8
27 76 6
27 77 5
27 78 6
27 79 7
27 80 13
27 82 11
27 83 10
27 85 8
27 86 7
27 87 6
27 89 8
27 90 14
27 91 13
27 92 12
27 93 11
27 94 10
27 95 9
27 96 8
27 97 7
27 98 8
27 99 9
29 30 10
29 31 9
29 32 8
29 33 7
29 36 4
29 39 1
29 40 11
29 41 10
29 42 9
29 44 7
29 47 4
29 48 3
29 49 2
29 50 12
29 51 11
29 52 10
29 53 9
29 55 7
29 56 6
29 58 4
29 59 3
29 60 13
29 61 12
29 62 11
29 63 10
29 64 9
29 65 8
29 67 6
29 68 5
29 69 4
29 71 13
29 72 12
29 73 11
29 74 10
29 76 8
29 77 7
29 78 6
29 79 5
29 80 15
29 82 13
29 83 12
29 85 10
29 86 9
29 87 8
29 89 6
29 90 16
29 91 15
29 92 14
29 93 13
29 94 12
29 95 11
29 96 10
29 97 9
29 98 8
29 99 7
30 31 1
30 32 2
30 33 3
30 36 6
30 39 9
30 40 1
30 41 2
30 42 3
30 44 5
30 47 8
30 48 9
30 49 10
30 50 2
30 51 3
30 52 4
30 53 5
30 55 7
30 56 8
30 58 10
30 59 11
30 60 3
30 61 4
30 62 5
30 63 6
30 64 7
30 65 8
30 67 10
30 68 11
30 69 12
30 71 5
30 72 6
30 73 7
30 74 8
30 76 10
30 77 11
30 78 12
30 79 13
30 80 5
30 82 7
30 83 8
30 85 10
30 86 11
30 87 12
30 89 14
30 90 6
30 91 7
30 92 8
30 93 9
30 94 10
30 95 11
30 96 12
30 97 13
30 98 14
30 99 15
31 32 1
31 33 2
31 36 5
31 39 8
31 40 2
31 41 1
31 42 2
31 44 4
31 47 7
31 48 8
31 49 9
31 50 3
31 51 2
31 52 3
31 53 4
31 55 6
31 56 7
31 58 9
31 59 10
31 60 4
31 61 3
31 62 4
31 63 5
31 64 6
31 65 7
31 67 9
31 68 10
31 69 11
31 71 4
31 72 5
31 73 6
31 74 7
31 76 9
31 77 10
31 78 11
31 79 12
31 80 6
31 82 6
31 83 7
31 85 9
31 86 10
31 87 11
31 89 13
31 90 7
31 91 6
31 92 7
31 93 8
31 94 9
31 95 10
31 96 11
31 97 12
31 98 13
31 99 14
32 33 1
32 36 4
32 39 7
32 40 3
32 41 2
32 42 1
32 44 3
32 47 6
32 48 7
32 49 8
32 50 4
32 51 3
32 52 2
32 53 3
32 55 5
32 56 6
32 58 8
32 59 9
32 60 5
32 61 4
32 62 3
32 63 4
32 64 5
32 65 6
32 67 8
32 68 9
32 69 10
32 71 5
32 72 4
32 73 5
32 74 6
32 76 8
32 77 9
32 78 10
32 79 11
32 80 7
32 82 5
32 83 6
32 85 8
32 86 9
32 87 10
32 89 12
32 90 8
32 91 7
32 92 6
32 93 7
32 94 8
32 95 9
32 96 10
32 97 11
32 98 12
32 99 13
33 36 3
33 39 6
33 40 4
33 41 3
33 42 2
33 44 2
33 47 5
33 48 6
33 49 7
33 50 5
33 51 4
33 52 3
33 53 2
33 55 4
33 56 5
33 58 7
33 59 8
33 60 6
33 61 5
33 62 4
33 63 3
33 64 4
33 65 5
33 67 7
33 68 8
33 69 9
33 71 6
33 72 5
33 73 4
33 74 5
33 76 7
33 77 8
33 78 9
33 79 10
33 80 8
33 82 6
33 83 5
33 85 7
33 86 8
33 87 9
33 89 11
33 90 9
33 91 8
33 92 7
33 93 6
33 94 7
33 95 8
33 96 9
33 97 10
33 98 11
33 99 12
36 39 3
36 40 7
36 41 6
36 42 5
36 44 3
36 47 2
36 48 3
36 49 4
36 50 8
36 51 7
36 52 6
36 53 5
36 55 3
36 56 2
36 58 4
36 59 5
36 60 9
36 61 8
36 62 7
36 63 6
36 64 5
36 65 4
36 67 4
36 68 5
36 69 6
36 71 9
36 72 8
36 73 7
36 74 6
36 76 4
36 77 5
36 78 6
36 79 7
36 80 11
36 82 9
36 83 8
36 85 6
36 86 5
36 87 6
36 89 8
36 90 12
36 91 11
36 92 10
36 93 9
36 94 8
36 95 7
36 96 6
36 97 7
36 98 8
36 99 9
39 40 10
39 41 9
39 42 8
39 44 6
39 47 3
39 48 2
39 49 1
39 50 11
39 51 10
39 52 9
39 53 8
39 55 6
39 56 5
39 58 3
39 59 2
39 60 12
39 61 11
39 62 10
39 63 9
39 64 8
39 65 7
39 67 5
39 68 4
39 69 3
39 71 12
39 72 11
39 73 10
39 74 9
39 76 7
39 77 6
39 78 5
39 79 4
39 80 14
39 82 12
39 83 11
39 85 9
39 86 8
39 87 7
39 89 5
39 90 15
39 91 14
39 92 13
39 93 12
39 94 11
39 95 10
39 96 9
39 97 8
39 98 7
39 99 6
40 41 1
40 42 2
40 44 4
40 47 7
40 48 8
40 49 9
40 50 1
40 51 2
40 52 3
40 53 4
40 55 6
40 56 7
40 58 9
40 59 10
40 60 2
40 61 3
40 62 4
40 63 5
40 64 6
40 65 7
40 67 9
40 68 10
40 69 11
40 71 4
40 72 5
40 73 6
40 74 7
40 76 9
40 77 10
40 78 11
40 79 12
40 80 4
40 82 6
40 83 7
40 85 9
40 86 10
40 87 11
40 89 13
40 90 5
40 91 6
40 92 7
40 93 8
40 94 9
40 95 10
40 96 11
40 97 12
40 98 13
40 99 14
41 42 1
41 44 3
41 47 6
41 48 7
41 49 8
41 50 2
41 51 1
41 52 2
41 53 3
41 55 5
41 56 6
41 58 8
41 59 9
41 60 3
41 61 2
41 62 3
41 63 4
41 64 5
41 65 6
41 67 8
41 68 9
41 69 10
41 71 3
41 72 4
41 73 5
41 74 6
41 76 8
41 77 9
41 78 10
41 79 11
41 80 5
41 82 5
41 83 6
41 85 8
41 86 9
41 87 10
41 89 12
41 90 6
41 91 5
41 92 6
41 93 7
41 94 8
41 95 9
41 96 10
41 97 11
41 98 12
41 99 13
42 44 2
42 47 5
42 48 6
42 49 7
42 50 3
42 51 2
42 52 1
42 53 2
42 55 4
42 56 5
42 58 7
42 59 8
42 60 4
42 61 3
42 62 2
42 63 3
42 64 4
42 65 5
42 67 7
42 68 8
42 69 9
42 71 4
42 72 3
42 73 4
42 74 5
42 76 7
42 77 8
42 78 9
42 79 10
42 80 6
42 82 4
42 83 5
42 85 7
42 86 8
42 87 9
42 89 11
42 90 7
42 91 6
42 92 5
42 93 6
42 94 7
42 95 8
42 96 9
42 97 10
42 98 11
42 99 12
44 47 3
44 48 4
44 49 5
44 50 5
44 51 4
44 52 3
44 53 2
44 55 2
44 56 3
44 58 5
44 59 6
44 60 6
44 61 5
44 62 4
44 63 3
44 64 2
44 65 3
44 67 5
44 68 6
44 69 7
44 71 6
44 72 5
44 73 4
44 74 3
44 76 5
44 77 6
44 78 7
44 79 8
44 80 8
44 82 6
44 83 5
44 85 5
44 86 6
44 87 7
44 89 9
44 90 9
44 91 8
44 92 7
44 93 6
44 94 5
44 95 6
44 96 7
44 97 8
44 98 9
44 99 10
47 48 1
47 49 2
47 50 8
47 51 7
47 52 6
47 53 5
47 55 3
47 56 2
47 58 2
47 59 3
47 60 9
47 61 8
47 62 7
47 63 6
47 64 5
47 65 4
47 67 2
47 68 3
47 69 4
47 71 9
47 72 8
47 73 7
47 74 6
47 76 4
47 77 3
47 78 4
47 79 5
47 80 11
47 82 9
47 83 8
47 85 6
47 86 5
47 87 4
47 89 6
47 90 12
47 91 11
47 92 10
47 93 9
47 94 8
47 95 7
47 96 6
47 97 5
47 98 6
47 99 7
48 49 1
48 50 9
48 51 8
48 52 7
48 53 6
48 55 4
48 56 3
48 58 1
48 59 2
48 60 10
48 61 9
48 62 8
48 63 7
48 64 6
48 65 5
48 67 3
48 68 2
48 69 3
48 71 10
48 72 9
48 73 8
48 74 7
48 76 5
48 77 4
48 78 3
48 79 4
48 80 12
48 82 10
48 83 9
48 85 7
48 86 6
48 87 5
48 89 5
48 90 13
48 91 12
48 92 11
48 93 10
48 94 9
48 95 8
48 96 7
48 97 6
48 98 5
48 99 6
49 50 10
49 51 9
49 52 8
49 53 7
49 55 5
49 56 4
49 58 2
49 59 1
49 60 11
49 61 10
49 62 9
49 63 8
49 64 7
49 65 6
49 67 4
49 68 3
49 69 2
49 71 11
49 72 10
49 73 9
49 74 8
49 76 6
49 77 5
49 78 4
49 79 3
49 80 13
49 82 11
49 83 10
49 85 8
49 86 7
49 87 6
49 89 4
49 90 14
49 91 13
49 92 12
49 93 11
49 94 10
49 95 9
49 96 8
49 97 7
49 98 6
49 99 5
50 51 1
50 52 2
50 53 3
50 55 5
50 56 6
50 58 8
50 59 9
50 60 1
50 61 2
50 62 3
50 63 4
50 64 5
50 65 6
50 67 8
50 68 9
50 69 10
50 71 3
50 72 4
50 73 5
50 74 6
50 76 8
50 77 9
50 78 10
50 79 11
50 80 3
50 82 5
50 83 6
50 85 8
50 86 9
50 87 10
50 89 12
50 90 4
50 91 5
50 92 6
50 93 7
50 94 8
50 95 9
50 96 10
50 97 11
50 98 12
50 99 13
51 52 1
51 53 2
51 55 4
51 56 5
51 58 7
51 59 8
51 60 2
51 61 1
51 62 2
51 63 3
51 64 4
51 65 5
51 67 7
51 68 8
51 69 9
51 71 2
51 72 3
51 73 4
51 74 5
51 76 7
51 77 8
51 78 9
51 79 10
51 80 4
51 82 4
51 83 5
51 85 7
51 86 8
51 87 9
51 89 11
51 90 5
51 91 4
51 92 5
51 93 6
51 94 7
51 95 8
51 96 9
51 97 10
51 98 11
51 99 12
52 53 1
52 55 3
52 56 4
52 58 6
52 59 7
52 60 3
52 61 2
52 62 1
52 63 2
52 64 3
52 65 4
52 67 6
52 68 7
52 69 8
52 71 3
52 72 2
52 73 3
52 74 4
52 76 6
52 77 7
52 78 8
52 79 9
52 80 5
52 82 3
52 83 4
52 85 6
52 86 7
52 87 8
52 89 10
52 90 6
52 91 5
52 92 4
52 93 5
52 94 6
52 95 7
52 96 8
52 97 9
52 98 10
52 99 11
53 55 2
53 56 3
53 58 5
53 59 6
53 60 4
53 61 3
53 62 2
53 63 1
53 64 2
53 65 3
53 67 5
53 68 6
53 69 7
53 71 4
53 72 3
53 73 2
53 74 3
53 76 5
53 77 6
53 78 7
53 79 8
53 80 6
53 82 4
53 83 3
53 85 5
53 86 6
53 87 7
53 89 9
53 90 7
53 91 6
53 92 5
53 93 4
53 94 5
53 95 6
53 96 7
53 97 8
53 98 9
53 99 10
55 56 1
55 58 3
55 59 4
55 60 6
55 61 5
55 62 4
55 63 3
55 64 2
55 65 1
55 67 3
55 68 4
55 69 5
55 71 6
55 72 5
55 73 4
55 74 3
55 76 3
55 77 4
55 78 5
55 79 6
55 80 8
55 82 6
55 83 5
55 85 3
55 86 4
55 87 5
55 89 7
55 90 9
55 91 8
55 92 7
55 93 6
55 94 5
55 95 4
55 96 5
55 97 6
55 98 7
55 99 8
56 58 2
56 59 3
56 60 7
56 61 6
56 62 5
56 63 4
56 64 3
56 65 2
56 67 2
56 68 3
56 69 4
56 71 7
56 72 6
56 73 5
56 74 4
56 76 2
56 77 3
56 78 4
56 79 5
56 80 9
56 82 7
56 83 6
56 85 4
56 86 3
56 87 4
56 89 6
56 90 10
56 91 9
56 92 8
56 93 7
56 94 6
56 95 5
56 96 4
56 97 5
56 98 6
56 99 7
58 59 1
58 60 9
58 61 8
58 62 7
58 63 6
58 64 5
58 65 4
58 67 2
58 68 1
58 69 2
58 71 9
58 72 8
58 73 7
58 74 6
58 76 4
58 77 3
58 78 2
58 79 3
58 80 11
58 82 9
58 83 8
58 85 6
58 86 5
58 87 4
58 89 4
58 90 12
58 91 11
58 92 10
58 93 9
58 94 8
58 95 7
58 96 6
58 97 5
58 98 4
58 99 5
59 60 10
59 61 9
59 62 8
59 63 7
59 64 6
59 65 5
59 67 3
59 68 2
59 69 1
59 71 10
59 72 9
59 73 8
59 74 7
59 76 5
59 77 4
59 78 3
59 79 2
59 80 12
59 82 10
59 83 9
59 85 7
59 86 6
59 87 5
59 89 3
59 90 13
59 91 12
59 92 11
59 93 10
59 94 9
59 95 8
59 96 7
59 97 6
59 98 5
59 99 4
60 61 1
60 62 2
60 63 3
60 64 4
60 65 5
60 67 7
60 68 8
60 69 9
60 71 2
60 72 3
60 73 4
60 74 5
60 76 7
60 77 8
60 78 9
60 79 10
60 80 2
60 82 4
60 83 5
60 85 7
60 86 8
60 87 9
60 89 11
60 90 3
60 91 4
60 92 5
60 93 6
60 94 7
60 95 8
60 96 9
60 97 10
60 98 11
60 99 12
61 62 1
61 63 2
61 64 3
61 65 4
61 67 6
61 68 7
61 69 8
61 71 1
61 72 2
61 73 3
61 74 4
61 76 6
61 77 7
61 78 8
61 79 9
61 80 3
61 82 3
61 83 4
61 85 6
61 86 7
61 87 8
61 89 10
61 90 4
61 91 3
61 92 4
61 93 5
61 94 6
61 95 7
61 96 8
61 97 9
61 98 10
61 99 11
62 63 1
62 64 2
62 65 3
62 67 5
62 68 6
62 69 7
62 71 2
62 72 1
62 73 2
62 74 3
62 76 5
62 77 6
62 78 7
62 79 8
62 80 4
62 82 2
62 83 3
62 85 5
62 86 6
62 87 7
62 89 9
62 90 5
62 91 4
62 92 3
62 93 4
62 94 5
62 95 6
62 96 7
62 97 8
62 98 9
62 99 10
63 64 1
63 65 2
63 67 4
63 68 5
63 69 6
63 71 3
63 72 2
63 73 1
63 74 2
63 76 4
63 77 5
63 78 6
63 79 7
63 80 5
63 82 3
63 83 2
63 85 4
63 86 5
63 87 6
63 89 8
63 90 6
63 91 5
63 92 4
63 93 3
63 94 4
63 95 5
63 96 6
63 97 7
63 98 8
63 99 9
64 65 1
64 67 3
64 68 4
64 69 5
64 71 4
64 72 3
64 73 2
64 74 1
64 76 3
64 77 4
64 78 5
64 79 6
64 80 6
64 82 4
64 83 3
64 85 3
64 86 4
64 87 5
64 89 7
64 90 7
64 91 6
64 92 5
64 93 4
64 94 3
64 95 4
64 96 5
64 97 6
64 98 7
64 99 8
65 67 2
65 68 3
65 69 4
65 71 5
65 72 4
65 73 3
65 74 2
65 76 2
65 77 3
65 78 4
65 79 5
65 80 7
65 82 5
65 83 4
65 85 2
65 86 3
65 87 4
65 89 6
65 90 8
65 91 7
65 92 6
65 93 5
65 94 4
65 95 3
65 96 4
65 97 5
65 98 6
65 99 7
67 68 1
67 69 2
67 71 7
67 72 6
67 73 5
67 74 4
67 76 2
67 77 1
67 78 2
67 79 3
67 80 9
67 82 7
67 83 6
67 85 4
67 86 3
67 87 2
67 89 4
67 90 10
67 91 9
67 92 8
67 93 7
67 94 6
67 95 5
67 96 4
67 97 3
67 98 4
67 99 5
68 69 1
68 71 8
68 72 7
68 73 6
68 74 5
68 76 3
68 77 2
68 78 1
68 79 2
68 80 10
68 82 8
68 83 7
68 85 5
68 86 4
68 87 3
68 89 3
68 90 11
68 91 10
68 92 9
68 93 8
68 94 7
68 95 6
68 96 5
68 97 4
68 98 3
68 99 4
69 71 9
69 72 8
69 73 7
69 74 6
69 76 4
69 77 3
69 78 2
69 79 1
69 80 11
69 82 9
69 83 8
69 85 6
69 86 5
69 87 4
69 89 2
69 90 12
69 91 11
69 92 10
69 93 9
69 94 8
69 95 7
69 96 6
69 97 5
69 98 4
69 99 3
71 72 1
71 73 2
71 74 3
71 76 5
71 77 6
71 78 7
71 79 8
71 80 2
71 82 2
71 83 3
71 85 5
71 86 6
71 87 7
71 89 9
71 90 3
71 91 2
71 92 3
71 93 4
71 94 5
71 95 6
71 96 7
71 97 8
71 98 9
71 99 10
72 73 1
72 74 2
72 76 4
72 77 5
72 78 6
72 79 7
72 80 3
72 82 1
72 83 2
72 85 4
72 86 5
72 87 6
72 89 8
72 90 4
72 91 3
72 92 2
72 93 3
72 94 4
72 95 5
72 96 6
72 97 7
72 98 8
72 99 9
73 74 1
73 76 3
73 77 4
73 78 5
73 79 6
73 80 4
73 82 2
73 83 1
73 85 3
73 86 4
73 87 5
73 89 7
73 90 5
73 91 4
73 92 3
73 93 2
73 94 3
73 95 4
73 96 5
73 97 6
73 98 7
73 99 8
74 76 2
74 77 3
74 78 4
74 79 5
74 80 5
74 82 3
74 83 2
74 85 2
74 86 3
74 87 4
74 89 6
74 90 6
74 91 5
74 92 4
74 93 3
74 94 2
74 95 3
74 96 4
74 97 5
74 98 6
74 99 7
76 77 1
76 78 2
76 79 3
76 80 7
76 82 5
76 83 4
76 85 2
76 86 1
76 87 2
76 89 4
76 90 8
76 91 7
76 92 6
76 93 5
76 94 4
76 95 3
76 96 2
76 97 3
76 98 4
76 99 5
77 78 1
77 79 2
77 80 8
77 82 6
77 83 5
77 85 3
77 86 2
77 87 1
77 89 3
77 90 9
77 91 8
77 92 7
77 93 6
77 94 5
77 95 4
77 96 3
77 97 2
77 98 3
77 99 4
78 79 1
78 80 9
78 82 7
78 83 6
78 85 4
78 86 3
78 87 2
78 89 2
78 90 10
78 91 9
78 92 8
78 93 7
78 94 6
78 95 5
78 96 4
78 97 3
78 98 2
78 99 3
79 80 10
79 82 8
79 83 7
79 85 5
79 86 4
79 87 3
79 89 1
79 90 11
79 91 10
79 92 9
79 93 8
79 94 7
79 95 6
79 96 5
79 97 4
79 98 3
79 99 2
80 82 2
80 83 3
80 85 5
80 86 6
80 87 7
80 89 9
80 90 1
80 91 2
80 92 3
80 93 4
80 94 5
80 95 6
80 96 7
80 97 8
80 98 9
80 99 10
82 83 1
82 85 3
82 86 4
82 87 5
82 89 7
82 90 3
82 91 2
82 92 1
82 93 2
82 94 3
82 95 4
82 96 5
82 97 6
82 98 7
82 99 8
83 85 2
83 86 3
83 87 4
83 89 6
83 90 4
83 91 3
83 92 2
83 93 1
83 94 2
83 95 3
83 96 4
83 97 5
83 98 6
83 99 7
85 86 1
85 87 2
85 89 4
85 90 6
85 91 5
85 92 4
85 93 3
85 94 2
85 95 1
85 96 2
85 97 3
85 98 4
85 99 5
86 87 1
86 89 3
86 90 7
86 91 6
86 92 5
86 93 4
86 94 3
86 95 2
86 96 1
86 97 2
86 98 3
86 99 4
87 89 2
87 90 8
87 91 7
87 92 6
87 93 5
87 94 4
87 95 3
87 96 2
87 97 1
87 98 2
87 99 3
89 90 10
89 91 9
89 92 8
89 93 7
89 94 6
89 95 5
89 96 4
89 97 3
89 98 2
89 99 1
90 91 1
90 92 2
90 93 3
90 94 4
90 95 5
90 96 6
90 97 7
90 98 8
90 99 9
91 92 1
91 93 2
91 94 3
91 95 4
91 96 5
91 97 6
91 98 7
91 99 8
92 93 1
92 94 2
92 95 3
92 96 4
92 97 5
92 98 6
92 99 7
93 94 1
93 95 2
93 96 3
93 97 4
93 98 5
93 99 6
94 95 1
94 96 2
94 97 3
94 98 4
94 99 5
95 96 1
95 97 2
95 98 3
95 99 4
96 97 1
96 98 2
96 99 3
97 98 1
97 99 2
98 99 1
0 1 1
0 2 1
0 3 1
0 4 4
0 5 2
0 6 4
0 7 2
0 8 0
0 9 2
0 10 1
0 11 1
0 12 1
0 13 4
0 14 4
0 15 1
0 16 0
0 17 4
0 18 0
0 19 2
1 2 1
1 3 4
1 4 0
1 5 2
1 6 2
1 7 4
1 8 4
1 9 1
1 10 2
1 11 4
1 12 1
1 13 4
1 14 0
1 15 3
1 16 0
1 17 4
1 18 0
1 19 4
2 3 2
2 4 1
2 5 2
2 6 4
2 7 3
2 8 3
2 9 3
2 10 2
2 11 0
2 12 4
2 13 2
2 14 0
2 15 1
2 16 3
2 17 0
2 18 2
2 19 1
3 4 3
3 5 2
3 6 0
3 7 4
3 8 4
3 9 0
3 10 1
3 11 3
3 12 0
3 13 0
3 14 4
3 15 0
3 16 1
3 17 3
3 18 3
3 19 2
4 5 1
4 6 2
4 7 0
4 8 4
4 9 0
4 10 2
4 11 0
4 12 4
4 13 0
4 14 0
4 15 1
4 16 3
4 17 1
4 18 4
4 19 0
5 6 4
5 7 1
5 8 0
5 9 4
5 10 1
5 11 1
5 12 1
5 13 0
5 14 2
5 15 1
5 16 4
5 17 2
5 18 2
5 19 2
6 7 0
6 8 0
6 9 3
6 10 3
6 11 1
6 12 3
6 13 3
6 14 3
6 15 3
6 16 3
6 17 3
6 18 4
6 19 0
7 8 2
7 9 0
7 10 4
7 11 2
7 12 0
7 13 0
7 14 3
7 15 4
7 16 2
7 17 4
7 18 1
7 19 2
8 9 1
8 10 2
8 11 1
8 12 4
8 13 4
8 14 4
8 15 0
8 16 0
8 17 3
8 18 3
8 19 1
9 10 1
9 11 2
9 12 0
9 13 0
9 14 1
9 15 4
9 16 4
9 17 1
9 18 2
9 19 0
10 11 0
10 12 4
10 13 0
10 14 1
10 15 3
10 16 0
10 17 3
10 18 3
10 19 2
11 12 0
11 13 0
11 14 4
11 15 1
11 16 0
11 17 4
11 18 1
11 19 0
12 13 4
12 14 4
12 15 4
12 16 1
12 17 0
12 18 2
12 19 1
13 14 1
13 15 3
13 16 0
13 17 1
13 18 4
13 19 2
14 15 1
14 16 0
14 17 2
14 18 2
14 19 1
15 16 1
15 17 3
15 18 0
15 19 0
16 17 0
16 18 0
16 19 0
17 18 0
17 19 2
18 19 1
