80 20
1 2 1
1 3 2
1 4 3
1 5 4
1 6 5
1 7 6
1 8 7
1 10 2
1 11 1
1 13 3
1 14 4
1 16 6
1 17 7
1 20 3
1 21 2
1 25 6
1 26 7
1 27 8
1 28 9
1 29 10
1 30 4
1 31 3
1 32 4
1 33 5
1 34 6
1 36 8
1 37 9
1 38 10
1 39 11
1 40 5
1 41 4
1 42 5
1 43 6
1 44 7
1 45 8
1 46 9
1 47 10
1 48 11
1 49 12
1 50 6
1 51 5
1 52 6
1 54 8
1 55 9
1 59 13
1 60 7
1 61 6
1 62 7
1 63 8
1 64 9
1 65 10
1 66 11
1 67 12
1 68 13
1 69 14
1 70 8
1 71 7
1 72 8
1 73 9
1 74 10
1 75 11
1 77 13
1 78 14
1 79 15
1 81 8
1 83 10
1 84 11
1 87 14
1 88 15
1 89 16
1 90 10
1 92 10
1 93 11
1 94 12
1 95 13
1 96 14
1 97 15
1 98 16
1 99 17
2 3 1
2 4 2
2 5 3
2 6 4
2 7 5
2 8 6
2 10 3
2 11 2
2 13 2
2 14 3
2 16 5
2 17 6
2 20 4
2 21 3
2 25 5
2 26 6
2 27 7
2 28 8
2 29 9
2 30 5
2 31 4
2 32 3
2 33 4
2 34 5
2 36 7
2 37 8
2 38 9
2 39 10
2 40 6
2 41 5
2 42 4
2 43 5
2 44 6
2 45 7
2 46 8
2 47 9
2 48 10
2 49 11
2 50 7
2 51 6
2 52 5
2 54 7
2 55 8
2 59 12
2 60 8
2 61 7
2 62 6
2 63 7
2 64 8
2 65 9
2 66 10
2 67 11
2 68 12
2 69 13
2 70 9
2 71 8
2 72 7
2 73 8
2 74 9
2 75 10
2 77 12
2 78 13
2 79 14
2 81 9
2 83 9
2 84 10
2 87 13
2 88 14
2 89 15
2 90 11
2 92 9
2 93 10
2 94 11
2 95 12
2 96 13
2 97 14
2 98 15
2 99 16
3 4 1
3 5 2
3 6 3
3 7 4
3 8 5
3 10 4
3 11 3
3 13 1
3 14 2
3 16 4
3 17 5
3 20 5
3 21 4
3 25 4
3 26 5
3 27 6
3 28 7
3 29 8
3 30 6
3 31 5
3 32 4
3 33 3
3 34 4
3 36 6
3 37 7
3 38 8
3 39 9
3 40 7
3 41 6
3 42 5
3 43 4
3 44 5
3 45 6
3 46 7
3 47 8
3 48 9
3 49 10
3 50 8
3 51 7
3 52 6
3 54 6
3 55 7
3 59 11
3 60 9
3 61 8
3 62 7
3 63 6
3 64 7
3 65 8
3 66 9
3 67 10
3 68 11
3 69 12
3 70 10
3 71 9
3 72 8
3 73 7
3 74 8
3 75 9
3 77 11
3 78 12
3 79 13
3 81 10
3 83 8
3 84 9
3 87 12
3 88 13
3 89 14
3 90 12
3 92 10
3 93 9
3 94 10
3 95 11
3 96 12
3 97 13
3 98 14
3 99 15
4 5 1
4 6 2
4 7 3
4 8 4
4 10 5
4 11 4
4 13 2
4 14 1
4 16 3
4 17 4
4 20 6
4 21 5
4 25 3
4 26 4
4 27 5
4 28 6
4 29 7
4 30 7
4 31 6
4 32 5
4 33 4
4 34 3
4 36 5
4 37 6
4 38 7
4 39 8
4 40 8
4 41 7
4 42 6
4 43 5
4 44 4
4 45 5
4 46 6
4 47 7
4 48 8
4 49 9
4 50 9
4 51 8
4 52 7
4 54 5
4 55 6
4 59 10
4 60 10
4 61 9
4 62 8
4 63 7
4 64 6
4 65 7
4 66 8
4 67 9
4 68 10
4 69 11
4 70 11
4 71 10
4 72 9
4 73 8
4 74 7
4 75 8
4 77 10
4 78 11
4 79 12
4 81 11
4 83 9
4 84 8
4 87 11
4 88 12
4 89 13
4 90 13
4 92 11
4 93 10
4 94 9
4 95 10
4 96 11
4 97 12
4 98 13
4 99 14
5 6 1
5 7 2
5 8 3
5 10 6
5 11 5
5 13 3
5 14 2
5 16 2
5 17 3
5 20 7
5 21 6
5 25 2
5 26 3
5 27 4
5 28 5
5 29 6
5 30 8
5 31 7
5 32 6
5 33 5
5 34 4
5 36 4
5 37 5
5 38 6
5 39 7
5 40 9
5 41 8
5 42 7
5 43 6
5 44 5
5 45 4
5 46 5
5 47 6
5 48 7
5 49 8
5 50 10
5 51 9
5 52 8
5 54 6
5 55 5
5 59 9
5 60 11
5 61 10
5 62 9
5 63 8
5 64 7
5 65 6
5 66 7
5 67 8
5 68 9
5 69 10
5 70 12
5 71 11
5 72 10
5 73 9
5 74 8
5 75 7
5 77 9
5 78 10
5 79 11
5 81 12
5 83 10
5 84 9
5 87 10
5 88 11
5 89 12
5 90 14
5 92 12
5 93 11
5 94 10
5 95 9
5 96 10
5 97 11
5 98 12
5 99 13
6 7 1
6 8 2
6 10 7
6 11 6
6 13 4
6 14 3
6 16 1
6 17 2
6 20 8
6 21 7
6 25 3
6 26 2
6 27 3
6 28 4
6 29 5
6 30 9
6 31 8
6 32 7
6 33 6
6 34 5
6 36 3
6 37 4
6 38 5
6 39 6
6 40 10
6 41 9
6 42 8
6 43 7
6 44 6
6 45 5
6 46 4
6 47 5
6 48 6
6 49 7
6 50 11
6 51 10
6 52 9
6 54 7
6 55 6
6 59 8
6 60 12
6 61 11
6 62 10
6 63 9
6 64 8
6 65 7
6 66 6
6 67 7
6 68 8
6 69 9
6 70 13
6 71 12
6 72 11
6 73 10
6 74 9
6 75 8
6 77 8
6 78 9
6 79 10
6 81 13
6 83 11
6 84 10
6 87 9
6 88 10
6 89 11
6 90 15
6 92 13
6 93 12
6 94 11
6 95 10
6 96 9
6 97 10
6 98 11
6 99 12
7 8 1
7 10 8
7 11 7
7 13 5
7 14 4
7 16 2
7 17 1
7 20 9
7 21 8
7 25 4
7 26 3
7 27 2
7 28 3
7 29 4
7 30 10
7 31 9
7 32 8
7 33 7
7 34 6
7 36 4
7 37 3
7 38 4
7 39 5
7 40 11
7 41 10
7 42 9
7 43 8
7 44 7
7 45 6
7 46 5
7 47 4
7 48 5
7 49 6
7 50 12
7 51 11
7 52 10
7 54 8
7 55 7
7 59 7
7 60 13
7 61 12
7 62 11
7 63 10
7 64 9
7 65 8
7 66 7
7 67 6
7 68 7
7 69 8
7 70 14
7 71 13
7 72 12
7 73 11
7 74 10
7 75 9
7 77 7
7 78 8
7 79 9
7 81 14
7 83 12
7 84 11
7 87 8
7 88 9
7 89 10
7 90 16
7 92 14
7 93 13
7 94 12
7 95 11
7 96 10
7 97 9
7 98 10
7 99 11
8 10 9
8 11 8
8 13 6
8 14 5
8 16 3
8 17 2
8 20 10
8 21 9
8 25 5
8 26 4
8 27 3
8 28 2
8 29 3
8 30 11
8 31 10
8 32 9
8 33 8
8 34 7
8 36 5
8 37 4
8 38 3
8 39 4
8 40 12
8 41 11
8 42 10
8 43 9
8 44 8
8 45 7
8 46 6
8 47 5
8 48 4
8 49 5
8 50 13
8 51 12
8 52 11
8 54 9
8 55 8
8 59 6
8 60 14
8 61 13
8 62 12
8 63 11
8 64 10
8 65 9
8 66 8
8 67 7
8 68 6
8 69 7
8 70 15
8 71 14
8 72 13
8 73 12
8 74 11
8 75 10
8 77 8
8 78 7
8 79 8
8 81 15
8 83 13
8 84 12
8 87 9
8 88 8
8 89 9
8 90 17
8 92 15
8 93 14
8 94 13
8 95 12
8 96 11
8 97 10
8 98 9
8 99 10
10 11 1
10 13 3
10 14 4
10 16 6
10 17 7
10 20 1
10 21 2
10 25 6
10 26 7
10 27 8
10 28 9
10 29 10
10 30 2
10 31 3
10 32 4
10 33 5
10 34 6
10 36 8
10 37 9
10 38 10
10 39 11
10 40 3
10 41 4
10 42 5
10 43 6
10 44 7
10 45 8
10 46 9
10 47 10
10 48 11
10 49 12
10 50 4
10 51 5
10 52 6
10 54 8
10 55 9
10 59 13
10 60 5
10 61 6
10 62 7
10 63 8
10 64 9
10 65 10
10 66 11
10 67 12
10 68 13
10 69 14
10 70 6
10 71 7
10 72 8
10 73 9
10 74 10
10 75 11
10 77 13
10 78 14
10 79 15
10 81 8
10 83 10
10 84 11
10 87 14
10 88 15
10 89 16
10 90 8
10 92 10
10 93 11
10 94 12
10 95 13
10 96 14
10 97 15
10 98 16
10 99 17
11 13 2
11 14 3
11 16 5
11 17 6
11 20 2
11 21 1
11 25 5
11 26 6
11 27 7
11 28 8
11 29 9
11 30 3
11 31 2
11 32 3
11 33 4
11 34 5
11 36 7
11 37 8
11 38 9
11 39 10
11 40 4
11 41 3
11 42 4
11 43 5
11 44 6
11 45 7
11 46 8
11 47 9
11 48 10
11 49 11
11 50 5
11 51 4
11 52 5
11 54 7
11 55 8
11 59 12
11 60 6
11 61 5
11 62 6
11 63 7
11 64 8
11 65 9
11 66 10
11 67 11
11 68 12
11 69 13
11 70 7
11 71 6
11 72 7
11 73 8
11 74 9
11 75 10
11 77 12
11 78 13
11 79 14
11 81 7
11 83 9
11 84 10
11 87 13
11 88 14
11 89 15
11 90 9
11 92 9
11 93 10
11 94 11
11 95 12
11 96 13
11 97 14
11 98 15
11 99 16
13 14 1
13 16 3
13 17 4
13 20 4
13 21 3
13 25 3
13 26 4
13 27 5
13 28 6
13 29 7
13 30 5
13 31 4
13 32 3
13 33 2
13 34 3
13 36 5
13 37 6
13 38 7
13 39 8
13 40 6
13 41 5
13 42 4
13 43 3
13 44 4
13 45 5
13 46 6
13 47 7
13 48 8
13 49 9
13 50 7
13 51 6
13 52 5
13 54 5
13 55 6
13 59 10
13 60 8
13 61 7
13 62 6
13 63 5
13 64 6
13 65 7
13 66 8
13 67 9
13 68 10
13 69 11
13 70 9
13 71 8
13 72 7
13 73 6
13 74 7
13 75 8
13 77 10
13 78 11
13 79 12
13 81 9
13 83 7
13 84 8
13 87 11
13 88 12
13 89 13
13 90 11
13 92 9
13 93 8
13 94 9
13 95 10
13 96 11
13 97 12
13 98 13
13 99 14
14 16 2
14 17 3
14 20 5
14 21 4
14 25 2
14 26 3
14 27 4
14 28 5
14 29 6
14 30 6
14 31 5
14 32 4
14 33 3
14 34 2
14 36 4
14 37 5
14 38 6
14 39 7
14 40 7
14 41 6
14 42 5
14 43 4
14 44 3
14 45 4
14 46 5
14 47 6
14 48 7
14 49 8
14 50 8
14 51 7
14 52 6
14 54 4
14 55 5
14 59 9
14 60 9
14 61 8
14 62 7
14 63 6
14 64 5
14 65 6
14 66 7
14 67 8
14 68 9
14 69 10
14 70 10
14 71 9
14 72 8
14 73 7
14 74 6
14 75 7
14 77 9
14 78 10
14 79 11
14 81 10
14 83 8
14 84 7
14 87 10
14 88 11
14 89 12
14 90 12
14 92 10
14 93 9
14 94 8
14 95 9
14 96 10
14 97 11
14 98 12
14 99 13
16 17 1
16 20 7
16 21 6
16 25 2
16 26 1
16 27 2
16 28 3
16 29 4
16 30 8
16 31 7
16 32 6
16 33 5
16 34 4
16 36 2
16 37 3
16 38 4
16 39 5
16 40 9
16 41 8
16 42 7
16 43 6
16 44 5
16 45 4
16 46 3
16 47 4
16 48 5
16 49 6
16 50 10
16 51 9
16 52 8
16 54 6
16 55 5
16 59 7
16 60 11
16 61 10
16 62 9
16 63 8
16 64 7
16 65 6
16 66 5
16 67 6
16 68 7
16 69 8
16 70 12
16 71 11
16 72 10
16 73 9
16 74 8
16 75 7
16 77 7
16 78 8
16 79 9
16 81 12
16 83 10
16 84 9
16 87 8
16 88 9
16 89 10
16 90 14
16 92 12
16 93 11
16 94 10
16 95 9
16 96 8
16 97 9
16 98 10
16 99 11
17 20 8
17 21 7
17 25 3
17 26 2
17 27 1
17 28 2
17 29 3
17 30 9
17 31 8
17 32 7
17 33 6
17 34 5
17 36 3
17 37 2
17 38 3
17 39 4
17 40 10
17 41 9
17 42 8
17 43 7
17 44 6
17 45 5
17 46 4
17 47 3
17 48 4
17 49 5
17 50 11
17 51 10
17 52 9
17 54 7
17 55 6
17 59 6
17 60 12
17 61 11
17 62 10
17 63 9
17 64 8
17 65 7
17 66 6
17 67 5
17 68 6
17 69 7
17 70 13
17 71 12
17 72 11
17 73 10
17 74 9
17 75 8
17 77 6
17 78 7
17 79 8
17 81 13
17 83 11
17 84 10
17 87 7
17 88 8
17 89 9
17 90 15
17 92 13
17 93 12
17 94 11
17 95 10
17 96 9
17 97 8
17 98 9
17 99 10
20 21 1
20 25 5
20 26 6
20 27 7
20 28 8
20 29 9
20 30 1
20 31 2
20 32 3
20 33 4
20 34 5
20 36 7
20 37 8
20 38 9
20 39 10
20 40 2
20 41 3
20 42 4
20 43 5
20 44 6
20 45 7
20 46 8
20 47 9
20 48 10
20 49 11
20 50 3
20 51 4
20 52 5
20 54 7
20 55 8
20 59 12
20 60 4
20 61 5
20 62 6
20 63 7
20 64 8
20 65 9
20 66 10
20 67 11
20 68 12
20 69 13
20 70 5
20 71 6
20 72 7
20 73 8
20 74 9
20 75 10
20 77 12
20 78 13
20 79 14
20 81 7
20 83 9
20 84 10
20 87 13
20 88 14
20 89 15
20 90 7
20 92 9
20 93 10
20 94 11
20 95 12
20 96 13
20 97 14
20 98 15
20 99 16
21 25 4
21 26 5
21 27 6
21 28 7
21 29 8
21 30 2
21 31 1
21 32 2
21 33 3
21 34 4
21 36 6
21 37 7
21 38 8
21 39 9
21 40 3
21 41 2
21 42 3
21 43 4
21 44 5
21 45 6
21 46 7
21 47 8
21 48 9
21 49 10
21 50 4
21 51 3
21 52 4
21 54 6
21 55 7
21 59 11
21 60 5
21 61 4
21 62 5
21 63 6
21 64 7
21 65 8
21 66 9
21 67 10
21 68 11
21 69 12
21 70 6
21 71 5
21 72 6
21 73 7
21 74 8
21 75 9
21 77 11
21 78 12
21 79 13
21 81 6
21 83 8
21 84 9
21 87 12
21 88 13
21 89 14
21 90 8
21 92 8
21 93 9
21 94 10
21 95 11
21 96 12
21 97 13
21 98 14
21 99 15
25 26 1
25 27 2
25 28 3
25 29 4
25 30 6
25 31 5
25 32 4
25 33 3
25 34 2
25 36 2
25 37 3
25 38 4
25 39 5
25 40 7
25 41 6
25 42 5
25 43 4
25 44 3
25 45 2
25 46 3
25 47 4
25 48 5
25 49 6
25 50 8
25 51 7
25 52 6
25 54 4
25 55 3
25 59 7
25 60 9
25 61 8
25 62 7
25 63 6
25 64 5
25 65 4
25 66 5
25 67 6
25 68 7
25 69 8
25 70 10
25 71 9
25 72 8
25 73 7
25 74 6
25 75 5
25 77 7
25 78 8
25 79 9
25 81 10
25 83 8
25 84 7
25 87 8
25 88 9
25 89 10
25 90 12
25 92 10
25 93 9
25 94 8
25 95 7
25 96 8
25 97 9
25 98 10
25 99 11
26 27 1
26 28 2
26 29 3
26 30 7
26 31 6
26 32 5
26 33 4
26 34 3
26 36 1
26 37 2
26 38 3
26 39 4
26 40 8
26 41 7
26 42 6
26 43 5
26 44 4
26 45 3
26 46 2
26 47 3
26 48 4
26 49 5
26 50 9
26 51 8
26 52 7
26 54 5
26 55 4
26 59 6
26 60 10
26 61 9
26 62 8
26 63 7
26 64 6
26 65 5
26 66 4
26 67 5
26 68 6
26 69 7
26 70 11
26 71 10
26 72 9
26 73 8
26 74 7
26 75 6
26 77 6
26 78 7
26 79 8
26 81 11
26 83 9
26 84 8
26 87 7
26 88 8
26 89 9
26 90 13
26 92 11
26 93 10
26 94 9
26 95 8
26 96 7
26 97 8
26 98 9
26 99 10
27 28 1
27 29 2
27 30 8
27 31 7
27 32 6
27 33 5
27 34 4
27 36 2
27 37 1
27 38 2
27 39 3
27 40 9
27 41 8
27 42 7
27 43 6
27 44 5
27 45 4
27 46 3
27 47 2
27 48 3
27 49 4
27 50 10
27 51 9
27 52 8
27 54 6
27 55 5
27 59 5
27 60 11
27 61 10
27 62 9
27 63 8
27 64 7
27 65 6
27 66 5
27 67 4
27 68 5
27 69 6
27 70 12
27 71 11
27 72 10
27 73 9
27 74 8
27 75 7
27 77 5
27 78 6
27 79 7
27 81 12
27 83 10
27 84 9
27 87 6
27 88 7
27 89 8
27 90 14
27 92 12
27 93 11
27 94 10
27 95 9
27 96 8
27 97 7
27 98 8
27 99 9
28 29 1
28 30 9
28 31 8
28 32 7
28 33 6
28 34 5
28 36 3
28 37 2
28 38 1
28 39 2
28 40 10
28 41 9
28 42 8
28 43 7
28 44 6
28 45 5
28 46 4
28 47 3
28 48 2
28 49 3
28 50 11
28 51 10
28 52 9
28 54 7
28 55 6
28 59 4
28 60 12
28 61 11
28 62 10
28 63 9
28 64 8
28 65 7
28 66 6
28 67 5
28 68 4
28 69 5
28 70 13
28 71 12
28 72 11
28 73 10
28 74 9
28 75 8
28 77 6
28 78 5
28 79 6
28 81 13
28 83 11
28 84 10
28 87 7
28 88 6
28 89 7
28 90 15
28 92 13
28 93 12
28 94 11
28 95 10
28 96 9
28 97 8
28 98 7
28 99 8
29 30 10
29 31 9
29 32 8
29 33 7
29 34 6
29 36 4
29 37 3
29 38 2
29 39 1
29 40 11
29 41 10
29 42 9
29 43 8
29 44 7
29 45 6
29 46 5
29 47 4
29 48 3
29 49 2
29 50 12
29 51 11
29 52 10
29 54 8
29 55 7
29 59 3
29 60 13
29 61 12
29 62 11
29 63 10
29 64 9
29 65 8
29 66 7
29 67 6
29 68 5
29 69 4
29 70 14
29 71 13
29 72 12
29 73 11
29 74 10
29 75 9
29 77 7
29 78 6
29 79 5
29 81 14
29 83 12
29 84 11
29 87 8
29 88 7
29 89 6
29 90 16
29 92 14
29 93 13
29 94 12
29 95 11
29 96 10
29 97 9
29 98 8
29 99 7
30 31 1
30 32 2
30 33 3
30 34 4
30 36 6
30 37 7
30 38 8
30 39 9
30 40 1
30 41 2
30 42 3
30 43 4
30 44 5
30 45 6
30 46 7
30 47 8
30 48 9
30 49 10
30 50 2
30 51 3
30 52 4
30 54 6
30 55 7
30 59 11
30 60 3
30 61 4
30 62 5
30 63 6
30 64 7
30 65 8
30 66 9
30 67 10
30 68 11
30 69 12
30 70 4
30 71 5
30 72 6
30 73 7
30 74 8
30 75 9
30 77 11
30 78 12
30 79 13
30 81 6
30 83 8
30 84 9
30 87 12
30 88 13
30 89 14
30 90 6
30 92 8
30 93 9
30 94 10
30 95 11
30 96 12
30 97 13
30 98 14
30 99 15
31 32 1
31 33 2
31 34 3
31 36 5
31 37 6
31 38 7
31 39 8
31 40 2
31 41 1
31 42 2
31 43 3
31 44 4
31 45 5
31 46 6
31 47 7
31 48 8
31 49 9
31 50 3
31 51 2
31 52 3
31 54 5
31 55 6
31 59 10
31 60 4
31 61 3
31 62 4
31 63 5
31 64 6
31 65 7
31 66 8
31 67 9
31 68 10
31 69 11
31 70 5
31 71 4
31 72 5
31 73 6
31 74 7
31 75 8
31 77 10
31 78 11
31 79 12
31 81 5
31 83 7
31 84 8
31 87 11
31 88 12
31 89 13
31 90 7
31 92 7
31 93 8
31 94 9
31 95 10
31 96 11
31 97 12
31 98 13
31 99 14
32 33 1
32 34 2
32 36 4
32 37 5
32 38 6
32 39 7
32 40 3
32 41 2
32 42 1
32 43 2
32 44 3
32 45 4
32 46 5
32 47 6
32 48 7
32 49 8
32 50 4
32 51 3
32 52 2
32 54 4
32 55 5
32 59 9
32 60 5
32 61 4
32 62 3
32 63 4
32 64 5
32 65 6
32 66 7
32 67 8
32 68 9
32 69 10
32 70 6
32 71 5
32 72 4
32 73 5
32 74 6
32 75 7
32 77 9
32 78 10
32 79 11
32 81 6
32 83 6
32 84 7
32 87 10
32 88 11
32 89 12
32 90 8
32 92 6
32 93 7
32 94 8
32 95 9
32 96 10
32 97 11
32 98 12
32 99 13
33 34 1
33 36 3
33 37 4
33 38 5
33 39 6
33 40 4
33 41 3
33 42 2
33 43 1
33 44 2
33 45 3
33 46 4
33 47 5
33 48 6
33 49 7
33 50 5
33 51 4
33 52 3
33 54 3
33 55 4
33 59 8
33 60 6
33 61 5
33 62 4
33 63 3
33 64 4
33 65 5
33 66 6
33 67 7
33 68 8
33 69 9
33 70 7
33 71 6
33 72 5
33 73 4
33 74 5
33 75 6
33 77 8
33 78 9
33 79 10
33 81 7
33 83 5
33 84 6
33 87 9
33 88 10
33 89 11
33 90 9
33 92 7
33 93 6
33 94 7
33 95 8
33 96 9
33 97 10
33 98 11
33 99 12
34 36 2
34 37 3
34 38 4
34 39 5
34 40 5
34 41 4
34 42 3
34 43 2
34 44 1
34 45 2
34 46 3
34 47 4
34 48 5
34 49 6
34 50 6
34 51 5
34 52 4
34 54 2
34 55 3
34 59 7
34 60 7
34 61 6
34 62 5
34 63 4
34 64 3
34 65 4
34 66 5
34 67 6
34 68 7
34 69 8
34 70 8
34 71 7
34 72 6
34 73 5
34 74 4
34 75 5
34 77 7
34 78 8
34 79 9
34 81 8
34 83 6
34 84 5
34 87 8
34 88 9
34 89 10
34 90 10
34 92 8
34 93 7
34 94 6
34 95 7
34 96 8
34 97 9
34 98 10
34 99 11
36 37 1
36 38 2
36 39 3
36 40 7
36 41 6
36 42 5
36 43 4
36 44 3
36 45 2
36 46 1
36 47 2
36 48 3
36 49 4
36 50 8
36 51 7
36 52 6
36 54 4
36 55 3
36 59 5
36 60 9
36 61 8
36 62 7
36 63 6
36 64 5
36 65 4
36 66 3
36 67 4
36 68 5
36 69 6
36 70 10
36 71 9
36 72 8
36 73 7
36 74 6
36 75 5
36 77 5
36 78 6
36 79 7
36 81 10
36 83 8
36 84 7
36 87 6
36 88 7
36 89 8
36 90 12
36 92 10
36 93 9
36 94 8
36 95 7
36 96 6
36 97 7
36 98 8
36 99 9
37 38 1
37 39 2
37 40 8
37 41 7
37 42 6
37 43 5
37 44 4
37 45 3
37 46 2
37 47 1
37 48 2
37 49 3
37 50 9
37 51 8
37 52 7
37 54 5
37 55 4
37 59 4
37 60 10
37 61 9
37 62 8
37 63 7
37 64 6
37 65 5
37 66 4
37 67 3
37 68 4
37 69 5
37 70 11
37 71 10
37 72 9
37 73 8
37 74 7
37 75 6
37 77 4
37 78 5
37 79 6
37 81 11
37 83 9
37 84 8
37 87 5
37 88 6
37 89 7
37 90 13
37 92 11
37 93 10
37 94 9
37 95 8
37 96 7
37 97 6
37 98 7
37 99 8
38 39 1
38 40 9
38 41 8
38 42 7
38 43 6
38 44 5
38 45 4
38 46 3
38 47 2
38 48 1
38 49 2
38 50 10
38 51 9
38 52 8
38 54 6
38 55 5
38 59 3
38 60 11
38 61 10
38 62 9
38 63 8
38 64 7
38 65 6
38 66 5
38 67 4
38 68 3
38 69 4
38 70 12
38 71 11
38 72 10
38 73 9
38 74 8
38 75 7
38 77 5
38 78 4
38 79 5
38 81 12
38 83 10
38 84 9
38 87 6
38 88 5
38 89 6
38 90 14
38 92 12
38 93 11
38 94 10
38 95 9
38 96 8
38 97 7
38 98 6
38 99 7
39 40 10
39 41 9
39 42 8
39 43 7
39 44 6
39 45 5
39 46 4
39 47 3
39 48 2
39 49 1
39 50 11
39 51 10
39 52 9
39 54 7
39 55 6
39 59 2
39 60 12
39 61 11
39 62 10
39 63 9
39 64 8
39 65 7
39 66 6
39 67 5
39 68 4
39 69 3
39 70 13
39 71 12
39 72 11
39 73 10
39 74 9
39 75 8
39 77 6
39 78 5
39 79 4
39 81 13
39 83 11
39 84 10
39 87 7
39 88 6
39 89 5
39 90 15
39 92 13
39 93 12
39 94 11
39 95 10
39 96 9
39 97 8
39 98 7
39 99 6
40 41 1
40 42 2
40 43 3
40 44 4
40 45 5
40 46 6
40 47 7
40 48 8
40 49 9
40 50 1
40 51 2
40 52 3
40 54 5
40 55 6
40 59 10
40 60 2
40 61 3
40 62 4
40 63 5
40 64 6
40 65 7
40 66 8
40 67 9
40 68 10
40 69 11
40 70 3
40 71 4
40 72 5
40 73 6
40 74 7
40 75 8
40 77 10
40 78 11
40 79 12
40 81 5
40 83 7
40 84 8
40 87 11
40 88 12
40 89 13
40 90 5
40 92 7
40 93 8
40 94 9
40 95 10
40 96 11
40 97 12
40 98 13
40 99 14
41 42 1
41 43 2
41 44 3
41 45 4
41 46 5
41 47 6
41 48 7
41 49 8
41 50 2
41 51 1
41 52 2
41 54 4
41 55 5
41 59 9
41 60 3
41 61 2
41 62 3
41 63 4
41 64 5
41 65 6
41 66 7
41 67 8
41 68 9
41 69 10
41 70 4
41 71 3
41 72 4
41 73 5
41 74 6
41 75 7
41 77 9
41 78 10
41 79 11
41 81 4
41 83 6
41 84 7
41 87 10
41 88 11
41 89 12
41 90 6
41 92 6
41 93 7
41 94 8
41 95 9
41 96 10
41 97 11
41 98 12
41 99 13
42 43 1
42 44 2
42 45 3
42 46 4
42 47 5
42 48 6
42 49 7
42 50 3
42 51 2
42 52 1
42 54 3
42 55 4
42 59 8
42 60 4
42 61 3
42 62 2
42 63 3
42 64 4
42 65 5
42 66 6
42 67 7
42 68 8
42 69 9
42 70 5
42 71 4
42 72 3
42 73 4
42 74 5
42 75 6
42 77 8
42 78 9
42 79 10
42 81 5
42 83 5
42 84 6
42 87 9
42 88 10
42 89 11
42 90 7
42 92 5
42 93 6
42 94 7
42 95 8
42 96 9
42 97 10
42 98 11
42 99 12
43 44 1
43 45 2
43 46 3
43 47 4
43 48 5
43 49 6
43 50 4
43 51 3
43 52 2
43 54 2
43 55 3
43 59 7
43 60 5
43 61 4
43 62 3
43 63 2
43 64 3
43 65 4
43 66 5
43 67 6
43 68 7
43 69 8
43 70 6
43 71 5
43 72 4
43 73 3
43 74 4
43 75 5
43 77 7
43 78 8
43 79 9
43 81 6
43 83 4
43 84 5
43 87 8
43 88 9
43 89 10
43 90 8
43 92 6
43 93 5
43 94 6
43 95 7
43 96 8
43 97 9
43 98 10
43 99 11
44 45 1
44 46 2
44 47 3
44 48 4
44 49 5
44 50 5
44 51 4
44 52 3
44 54 1
44 55 2
44 59 6
44 60 6
44 61 5
44 62 4
44 63 3
44 64 2
44 65 3
44 66 4
44 67 5
44 68 6
44 69 7
44 70 7
44 71 6
44 72 5
44 73 4
44 74 3
44 75 4
44 77 6
44 78 7
44 79 8
44 81 7
44 83 5
44 84 4
44 87 7
44 88 8
44 89 9
44 90 9
44 92 7
44 93 6
44 94 5
44 95 6
44 96 7
44 97 8
44 98 9
44 99 10
45 46 1
45 47 2
45 48 3
45 49 4
45 50 6
45 51 5
45 52 4
45 54 2
45 55 1
45 59 5
45 60 7
45 61 6
45 62 5
45 63 4
45 64 3
45 65 2
45 66 3
45 67 4
45 68 5
45 69 6
45 70 8
45 71 7
45 72 6
45 73 5
45 74 4
45 75 3
45 77 5
45 78 6
45 79 7
45 81 8
45 83 6
45 84 5
45 87 6
45 88 7
45 89 8
45 90 10
45 92 8
45 93 7
45 94 6
45 95 5
45 96 6
45 97 7
45 98 8
45 99 9
46 47 1
46 48 2
46 49 3
46 50 7
46 51 6
46 52 5
46 54 3
46 55 2
46 59 4
46 60 8
46 61 7
46 62 6
46 63 5
46 64 4
46 65 3
46 66 2
46 67 3
46 68 4
46 69 5
46 70 9
46 71 8
46 72 7
46 73 6
46 74 5
46 75 4
46 77 4
46 78 5
46 79 6
46 81 9
46 83 7
46 84 6
46 87 5
46 88 6
46 89 7
46 90 11
46 92 9
46 93 8
46 94 7
46 95 6
46 96 5
46 97 6
46 98 7
46 99 8
47 48 1
47 49 2
47 50 8
47 51 7
47 52 6
47 54 4
47 55 3
47 59 3
47 60 9
47 61 8
47 62 7
47 63 6
47 64 5
47 65 4
47 66 3
47 67 2
47 68 3
47 69 4
47 70 10
47 71 9
47 72 8
47 73 7
47 74 6
47 75 5
47 77 3
47 78 4
47 79 5
47 81 10
47 83 8
47 84 7
47 87 4
47 88 5
47 89 6
47 90 12
47 92 10
47 93 9
47 94 8
47 95 7
47 96 6
47 97 5
47 98 6
47 99 7
48 49 1
48 50 9
48 51 8
48 52 7
48 54 5
48 55 4
48 59 2
48 60 10
48 61 9
48 62 8
48 63 7
48 64 6
48 65 5
48 66 4
48 67 3
48 68 2
48 69 3
48 70 11
48 71 10
48 72 9
48 73 8
48 74 7
48 75 6
48 77 4
48 78 3
48 79 4
48 81 11
48 83 9
48 84 8
48 87 5
48 88 4
48 89 5
48 90 13
48 92 11
48 93 10
48 94 9
48 95 8
48 96 7
48 97 6
48 98 5
48 99 6
49 50 10
49 51 9
49 52 8
49 54 6
49 55 5
49 59 1
49 60 11
49 61 10
49 62 9
49 63 8
49 64 7
49 65 6
49 66 5
49 67 4
49 68 3
49 69 2
49 70 12
49 71 11
49 72 10
49 73 9
49 74 8
49 75 7
49 77 5
49 78 4
49 79 3
49 81 12
49 83 10
49 84 9
49 87 6
49 88 5
49 89 4
49 90 14
49 92 12
49 93 11
49 94 10
49 95 9
49 96 8
49 97 7
49 98 6
49 99 5
50 51 1
50 52 2
50 54 4
50 55 5
50 59 9
50 60 1
50 61 2
50 62 3
50 63 4
50 64 5
50 65 6
50 66 7
50 67 8
50 68 9
50 69 10
50 70 2
50 71 3
50 72 4
50 73 5
50 74 6
50 75 7
50 77 9
50 78 10
50 79 11
50 81 4
50 83 6
50 84 7
50 87 10
50 88 11
50 89 12
50 90 4
50 92 6
50 93 7
50 94 8
50 95 9
50 96 10
50 97 11
50 98 12
50 99 13
51 52 1
51 54 3
51 55 4
51 59 8
51 60 2
51 61 1
51 62 2
51 63 3
51 64 4
51 65 5
51 66 6
51 67 7
51 68 8
51 69 9
51 70 3
51 71 2
51 72 3
51 73 4
51 74 5
51 75 6
51 77 8
51 78 9
51 79 10
51 81 3
51 83 5
51 84 6
51 87 9
51 88 10
51 89 11
51 90 5
51 92 5
51 93 6
51 94 7
51 95 8
51 96 9
51 97 10
51 98 11
51 99 12
52 54 2
52 55 3
52 59 7
52 60 3
52 61 2
52 62 1
52 63 2
52 64 3
52 65 4
52 66 5
52 67 6
52 68 7
52 69 8
52 70 4
52 71 3
52 72 2
52 73 3
52 74 4
52 75 5
52 77 7
52 78 8
52 79 9
52 81 4
52 83 4
52 84 5
52 87 8
52 88 9
52 89 10
52 90 6
52 92 4
52 93 5
52 94 6
52 95 7
52 96 8
52 97 9
52 98 10
52 99 11
54 55 1
54 59 5
54 60 5
54 61 4
54 62 3
54 63 2
54 64 1
54 65 2
54 66 3
54 67 4
54 68 5
54 69 6
54 70 6
54 71 5
54 72 4
54 73 3
54 74 2
54 75 3
54 77 5
54 78 6
54 79 7
54 81 6
54 83 4
54 84 3
54 87 6
54 88 7
54 89 8
54 90 8
54 92 6
54 93 5
54 94 4
54 95 5
54 96 6
54 97 7
54 98 8
54 99 9
55 59 4
55 60 6
55 61 5
55 62 4
55 63 3
55 64 2
55 65 1
55 66 2
55 67 3
55 68 4
55 69 5
55 70 7
55 71 6
55 72 5
55 73 4
55 74 3
55 75 2
55 77 4
55 78 5
55 79 6
55 81 7
55 83 5
55 84 4
55 87 5
55 88 6
55 89 7
55 90 9
55 92 7
55 93 6
55 94 5
55 95 4
55 96 5
55 97 6
55 98 7
55 99 8
59 60 10
59 61 9
59 62 8
59 63 7
59 64 6
59 65 5
59 66 4
59 67 3
59 68 2
59 69 1
59 70 11
59 71 10
59 72 9
59 73 8
59 74 7
59 75 6
59 77 4
59 78 3
59 79 2
59 81 11
59 83 9
59 84 8
59 87 5
59 88 4
59 89 3
59 90 13
59 92 11
59 93 10
59 94 9
59 95 8
59 96 7
59 97 6
59 98 5
59 99 4
60 61 1
60 62 2
60 63 3
60 64 4
60 65 5
60 66 6
60 67 7
60 68 8
60 69 9
60 70 1
60 71 2
60 72 3
60 73 4
60 74 5
60 75 6
60 77 8
60 78 9
60 79 10
60 81 3
60 83 5
60 84 6
60 87 9
60 88 10
60 89 11
60 90 3
60 92 5
60 93 6
60 94 7
60 95 8
60 96 9
60 97 10
60 98 11
60 99 12
61 62 1
61 63 2
61 64 3
61 65 4
61 66 5
61 67 6
61 68 7
61 69 8
61 70 2
61 71 1
61 72 2
61 73 3
61 74 4
61 75 5
61 77 7
61 78 8
61 79 9
61 81 2
61 83 4
61 84 5
61 87 8
61 88 9
61 89 10
61 90 4
61 92 4
61 93 5
61 94 6
61 95 7
61 96 8
61 97 9
61 98 10
61 99 11
62 63 1
62 64 2
62 65 3
62 66 4
62 67 5
62 68 6
62 69 7
62 70 3
62 71 2
62 72 1
62 73 2
62 74 3
62 75 4
62 77 6
62 78 7
62 79 8
62 81 3
62 83 3
62 84 4
62 87 7
62 88 8
62 89 9
62 90 5
62 92 3
62 93 4
62 94 5
62 95 6
62 96 7
62 97 8
62 98 9
62 99 10
63 64 1
63 65 2
63 66 3
63 67 4
63 68 5
63 69 6
63 70 4
63 71 3
63 72 2
63 73 1
63 74 2
63 75 3
63 77 5
63 78 6
63 79 7
63 81 4
63 83 2
63 84 3
63 87 6
63 88 7
63 89 8
63 90 6
63 92 4
63 93 3
63 94 4
63 95 5
63 96 6
63 97 7
63 98 8
63 99 9
64 65 1
64 66 2
64 67 3
64 68 4
64 69 5
64 70 5
64 71 4
64 72 3
64 73 2
64 74 1
64 75 2
64 77 4
64 78 5
64 79 6
64 81 5
64 83 3
64 84 2
64 87 5
64 88 6
64 89 7
64 90 7
64 92 5
64 93 4
64 94 3
64 95 4
64 96 5
64 97 6
64 98 7
64 99 8
65 66 1
65 67 2
65 68 3
65 69 4
65 70 6
65 71 5
65 72 4
65 73 3
65 74 2
65 75 1
65 77 3
65 78 4
65 79 5
65 81 6
65 83 4
65 84 3
65 87 4
65 88 5
65 89 6
65 90 8
65 92 6
65 93 5
65 94 4
65 95 3
65 96 4
65 97 5
65 98 6
65 99 7
66 67 1
66 68 2
66 69 3
66 70 7
66 71 6
66 72 5
66 73 4
66 74 3
66 75 2
66 77 2
66 78 3
66 79 4
66 81 7
66 83 5
66 84 4
66 87 3
66 88 4
66 89 5
66 90 9
66 92 7
66 93 6
66 94 5
66 95 4
66 96 3
66 97 4
66 98 5
66 99 6
67 68 1
67 69 2
67 70 8
67 71 7
67 72 6
67 73 5
67 74 4
67 75 3
67 77 1
67 78 2
67 79 3
67 81 8
67 83 6
67 84 5
67 87 2
67 88 3
67 89 4
67 90 10
67 92 8
67 93 7
67 94 6
67 95 5
67 96 4
67 97 3
67 98 4
67 99 5
68 69 1
68 70 9
68 71 8
68 72 7
68 73 6
68 74 5
68 75 4
68 77 2
68 78 1
68 79 2
68 81 9
68 83 7
68 84 6
68 87 3
68 88 2
68 89 3
68 90 11
68 92 9
68 93 8
68 94 7
68 95 6
68 96 5
68 97 4
68 98 3
68 99 4
69 70 10
69 71 9
69 72 8
69 73 7
69 74 6
69 75 5
69 77 3
69 78 2
69 79 1
69 81 10
69 83 8
69 84 7
69 87 4
69 88 3
69 89 2
69 90 12
69 92 10
69 93 9
69 94 8
69 95 7
69 96 6
69 97 5
69 98 4
69 99 3
70 71 1
70 72 2
70 73 3
70 74 4
70 75 5
70 77 7
70 78 8
70 79 9
70 81 2
70 83 4
70 84 5
70 87 8
70 88 9
70 89 10
70 90 2
70 92 4
70 93 5
70 94 6
70 95 7
70 96 8
70 97 9
70 98 10
70 99 11
71 72 1
71 73 2
71 74 3
71 75 4
71 77 6
71 78 7
71 79 8
71 81 1
71 83 3
71 84 4
71 87 7
71 88 8
71 89 9
71 90 3
71 92 3
71 93 4
71 94 5
71 95 6
71 96 7
71 97 8
71 98 9
71 99 10
72 73 1
72 74 2
72 75 3
72 77 5
72 78 6
72 79 7
72 81 2
72 83 2
72 84 3
72 87 6
72 88 7
72 89 8
72 90 4
72 92 2
72 93 3
72 94 4
72 95 5
72 96 6
72 97 7
72 98 8
72 99 9
73 74 1
73 75 2
73 77 4
73 78 5
73 79 6
73 81 3
73 83 1
73 84 2
73 87 5
73 88 6
73 89 7
73 90 5
73 92 3
73 93 2
73 94 3
73 95 4
73 96 5
73 97 6
73 98 7
73 99 8
74 75 1
74 77 3
74 78 4
74 79 5
74 81 4
74 83 2
74 84 1
74 87 4
74 88 5
74 89 6
74 90 6
74 92 4
74 93 3
74 94 2
74 95 3
74 96 4
74 97 5
74 98 6
74 99 7
75 77 2
75 78 3
75 79 4
75 81 5
75 83 3
75 84 2
75 87 3
75 88 4
75 89 5
75 90 7
75 92 5
75 93 4
75 94 3
75 95 2
75 96 3
75 97 4
75 98 5
75 99 6
77 78 1
77 79 2
77 81 7
77 83 5
77 84 4
77 87 1
77 88 2
77 89 3
77 90 9
77 92 7
77 93 6
77 94 5
77 95 4
77 96 3
77 97 2
77 98 3
77 99 4
78 79 1
78 81 8
78 83 6
78 84 5
78 87 2
78 88 1
78 89 2
78 90 10
78 92 8
78 93 7
78 94 6
78 95 5
78 96 4
78 97 3
78 98 2
78 99 3
79 81 9
79 83 7
79 84 6
79 87 3
79 88 2
79 89 1
79 90 11
79 92 9
79 93 8
79 94 7
79 95 6
79 96 5
79 97 4
79 98 3
79 99 2
81 83 2
81 84 3
81 87 6
81 88 7
81 89 8
81 90 2
81 92 2
81 93 3
81 94 4
81 95 5
81 96 6
81 97 7
81 98 8
81 99 9
83 84 1
83 87 4
83 88 5
83 89 6
83 90 4
83 92 2
83 93 1
83 94 2
83 95 3
83 96 4
83 97 5
83 98 6
83 99 7
84 87 3
84 88 4
84 89 5
84 90 5
84 92 3
84 93 2
84 94 1
84 95 2
84 96 3
84 97 4
84 98 5
84 99 6
87 88 1
87 89 2
87 90 8
87 92 6
87 93 5
87 94 4
87 95 3
87 96 2
87 97 1
87 98 2
87 99 3
88 89 1
88 90 9
88 92 7
88 93 6
88 94 5
88 95 4
88 96 3
88 97 2
88 98 1
88 99 2
89 90 10
89 92 8
89 93 7
89 94 6
89 95 5
89 96 4
89 97 3
89 98 2
89 99 1
90 92 2
90 93 3
90 94 4
90 95 5
90 96 6
90 97 7
90 98 8
90 99 9
92 93 1
92 94 2
92 95 3
92 96 4
92 97 5
92 98 6
92 99 7
93 94 1
93 95 2
93 96 3
93 97 4
93 98 5
93 99 6
94 95 1
94 96 2
94 97 3
94 98 4
94 99 5
95 96 1
95 97 2
95 98 3
95 99 4
96 97 1
96 98 2
96 99 3
97 98 1
97 99 2
98 99 1
0 1 0
0 2 2
0 3 2
0 4 1
0 5 1
0 6 4
0 7 1
0 8 4
0 9 2
0 10 4
0 11 3
0 12 0
0 13 0
0 14 4
0 15 0
0 16 1
0 17 1
0 18 2
0 19 1
1 2 3
1 3 4
1 4 1
1 5 3
1 6 4
1 7 3
1 8 0
1 9 4
1 10 4
1 11 4
1 12 2
1 13 3
1 14 0
1 15 4
1 16 1
1 17 1
1 18 1
1 19 0
2 3 3
2 4 1
2 5 3
2 6 2
2 7 4
2 8 3
2 9 2
2 10 4
2 11 4
2 12 3
2 13 1
2 14 1
2 15 0
2 16 4
2 17 0
2 18 2
2 19 3
3 4 0
3 5 0
3 6 4
3 7 0
3 8 4
3 9 3
3 10 3
3 11 3
3 12 3
3 13 2
3 14 4
3 15 0
3 16 4
3 17 0
3 18 3
3 19 0
4 5 3
4 6 0
4 7 4
4 8 1
4 9 2
4 10 4
4 11 1
4 12 1
4 13 0
4 14 2
4 15 1
4 16 0
4 17 3
4 18 3
4 19 3
5 6 4
5 7 4
5 8 3
5 9 4
5 10 3
5 11 1
5 12 3
5 13 2
5 14 0
5 15 0
5 16 1
5 17 1
5 18 4
5 19 2
6 7 4
6 8 0
6 9 0
6 10 4
6 11 0
6 12 2
6 13 2
6 14 4
6 15 3
6 16 3
6 17 4
6 18 1
6 19 0
7 8 0
7 9 4
7 10 4
7 11 4
7 12 3
7 13 3
7 14 2
7 15 3
7 16 2
7 17 4
7 18 1
7 19 4
8 9 4
8 10 2
8 11 1
8 12 1
8 13 2
8 14 3
8 15 0
8 16 3
8 17 4
8 18 0
8 19 3
9 10 2
9 11 2
9 12 2
9 13 0
9 14 1
9 15 2
9 16 1
9 17 2
9 18 2
9 19 1
10 11 1
10 12 1
10 13 0
10 14 0
10 15 4
10 16 4
10 17 2
10 18 3
10 19 0
11 12 2
11 13 3
11 14 3
11 15 4
11 16 4
11 17 1
11 18 3
11 19 4
12 13 4
12 14 2
12 15 0
12 16 2
12 17 4
12 18 2
12 19 0
13 14 0
13 15 4
13 16 2
13 17 2
13 18 1
13 19 0
14 15 3
14 16 2
14 17 1
14 18 3
14 19 3
15 16 1
15 17 2
15 18 0
15 19 4
16 17 3
16 18 3
16 19 2
17 18 2
17 19 3
18 19 2
