80 20
0 1 1
0 2 2
0 3 3
0 4 4
0 5 5
0 6 6
0 9 9
0 10 1
0 11 2
0 12 3
0 14 5
0 15 6
0 16 7
0 18 9
0 19 10
0 20 2
0 21 3
0 22 4
0 24 6
0 25 7
0 26 8
0 28 10
0 29 11
0 30 3
0 31 4
0 32 5
0 33 6
0 34 7
0 37 10
0 38 11
0 39 12
0 40 4
0 42 6
0 43 7
0 44 8
0 45 9
0 47 11
0 48 12
0 49 13
0 50 5
0 51 6
0 52 7
0 54 9
0 55 10
0 60 6
0 61 7
0 62 8
0 63 9
0 64 10
0 65 11
0 68 14
0 70 7
0 71 8
0 72 9
0 73 10
0 74 11
0 75 12
0 76 13
0 78 15
0 79 16
0 80 8
0 81 9
0 82 10
0 83 11
0 84 12
0 85 13
0 86 14
0 87 15
0 88 16
0 89 17
0 90 9
0 91 10
0 93 12
0 94 13
0 95 14
0 96 15
0 97 16
0 98 17
0 99 18
1 2 1
1 3 2
1 4 3
1 5 4
1 6 5
1 9 8
1 10 2
1 11 1
1 12 2
1 14 4
1 15 5
1 16 6
1 18 8
1 19 9
1 20 3
1 21 2
1 22 3
1 24 5
1 25 6
1 26 7
1 28 9
1 29 10
1 30 4
1 31 3
1 32 4
1 33 5
1 34 6
1 37 9
1 38 10
1 39 11
1 40 5
1 42 5
1 43 6
1 44 7
1 45 8
1 47 10
1 48 11
1 49 12
1 50 6
1 51 5
1 52 6
1 54 8
1 55 9
1 60 7
1 61 6
1 62 7
1 63 8
1 64 9
1 65 10
1 68 13
1 70 8
1 71 7
1 72 8
1 73 9
1 74 10
1 75 11
1 76 12
1 78 14
1 79 15
1 80 9
1 81 8
1 82 9
1 83 10
1 84 11
1 85 12
1 86 13
1 87 14
1 88 15
1 89 16
1 90 10
1 91 9
1 93 11
1 94 12
1 95 13
1 96 14
1 97 15
1 98 16
1 99 17
2 3 1
2 4 2
2 5 3
2 6 4
2 9 7
2 10 3
2 11 2
2 12 1
2 14 3
2 15 4
2 16 5
2 18 7
2 19 8
2 20 4
2 21 3
2 22 2
2 24 4
2 25 5
2 26 6
2 28 8
2 29 9
2 30 5
2 31 4
2 32 3
2 33 4
2 34 5
2 37 8
2 38 9
2 39 10
2 40 6
2 42 4
2 43 5
2 44 6
2 45 7
2 47 9
2 48 10
2 49 11
2 50 7
2 51 6
2 52 5
2 54 7
2 55 8
2 60 8
2 61 7
2 62 6
2 63 7
2 64 8
2 65 9
2 68 12
2 70 9
2 71 8
2 72 7
2 73 8
2 74 9
2 75 10
2 76 11
2 78 13
2 79 14
2 80 10
2 81 9
2 82 8
2 83 9
2 84 10
2 85 11
2 86 12
2 87 13
2 88 14
2 89 15
2 90 11
2 91 10
2 93 10
2 94 11
2 95 12
2 96 13
2 97 14
2 98 15
2 99 16
3 4 1
3 5 2
3 6 3
3 9 6
3 10 4
3 11 3
3 12 2
3 14 2
3 15 3
3 16 4
3 18 6
3 19 7
3 20 5
3 21 4
3 22 3
3 24 3
3 25 4
3 26 5
3 28 7
3 29 8
3 30 6
3 31 5
3 32 4
3 33 3
3 34 4
3 37 7
3 38 8
3 39 9
3 40 7
3 42 5
3 43 4
3 44 5
3 45 6
3 47 8
3 48 9
3 49 10
3 50 8
3 51 7
3 52 6
3 54 6
3 55 7
3 60 9
3 61 8
3 62 7
3 63 6
3 64 7
3 65 8
3 68 11
3 70 10
3 71 9
3 72 8
3 73 7
3 74 8
3 75 9
3 76 10
3 78 12
3 79 13
3 80 11
3 81 10
3 82 9
3 83 8
3 84 9
3 85 10
3 86 11
3 87 12
3 88 13
3 89 14
3 90 12
3 91 11
3 93 9
3 94 10
3 95 11
3 96 12
3 97 13
3 98 14
3 99 15
4 5 1
4 6 2
4 9 5
4 10 5
4 11 4
4 12 3
4 14 1
4 15 2
4 16 3
4 18 5
4 19 6
4 20 6
4 21 5
4 22 4
4 24 2
4 25 3
4 26 4
4 28 6
4 29 7
4 30 7
4 31 6
4 32 5
4 33 4
4 34 3
4 37 6
4 38 7
4 39 8
4 40 8
4 42 6
4 43 5
4 44 4
4 45 5
4 47 7
4 48 8
4 49 9
4 50 9
4 51 8
4 52 7
4 54 5
4 55 6
4 60 10
4 61 9
4 62 8
4 63 7
4 64 6
4 65 7
4 68 10
4 70 11
4 71 10
4 72 9
4 73 8
4 74 7
4 75 8
4 76 9
4 78 11
4 79 12
4 80 12
4 81 11
4 82 10
4 83 9
4 84 8
4 85 9
4 86 10
4 87 11
4 88 12
4 89 13
4 90 13
4 91 12
4 93 10
4 94 9
4 95 10
4 96 11
4 97 12
4 98 13
4 99 14
5 6 1
5 9 4
5 10 6
5 11 5
5 12 4
5 14 2
5 15 1
5 16 2
5 18 4
5 19 5
5 20 7
5 21 6
5 22 5
5 24 3
5 25 2
5 26 3
5 28 5
5 29 6
5 30 8
5 31 7
5 32 6
5 33 5
5 34 4
5 37 5
5 38 6
5 39 7
5 40 9
5 42 7
5 43 6
5 44 5
5 45 4
5 47 6
5 48 7
5 49 8
5 50 10
5 51 9
5 52 8
5 54 6
5 55 5
5 60 11
5 61 10
5 62 9
5 63 8
5 64 7
5 65 6
5 68 9
5 70 12
5 71 11
5 72 10
5 73 9
5 74 8
5 75 7
5 76 8
5 78 10
5 79 11
5 80 13
5 81 12
5 82 11
5 83 10
5 84 9
5 85 8
5 86 9
5 87 10
5 88 11
5 89 12
5 90 14
5 91 13
5 93 11
5 94 10
5 95 9
5 96 10
5 97 11
5 98 12
5 99 13
6 9 3
6 10 7
6 11 6
6 12 5
6 14 3
6 15 2
6 16 1
6 18 3
6 19 4
6 20 8
6 21 7
6 22 6
6 24 4
6 25 3
6 26 2
6 28 4
6 29 5
6 30 9
6 31 8
6 32 7
6 33 6
6 34 5
6 37 4
6 38 5
6 39 6
6 40 10
6 42 8
6 43 7
6 44 6
6 45 5
6 47 5
6 48 6
6 49 7
6 50 11
6 51 10
6 52 9
6 54 7
6 55 6
6 60 12
6 61 11
6 62 10
6 63 9
6 64 8
6 65 7
6 68 8
6 70 13
6 71 12
6 72 11
6 73 10
6 74 9
6 75 8
6 76 7
6 78 9
6 79 10
6 80 14
6 81 13
6 82 12
6 83 11
6 84 10
6 85 9
6 86 8
6 87 9
6 88 10
6 89 11
6 90 15
6 91 14
6 93 12
6 94 11
6 95 10
6 96 9
6 97 10
6 98 11
6 99 12
9 10 10
9 11 9
9 12 8
9 14 6
9 15 5
9 16 4
9 18 2
9 19 1
9 20 11
9 21 10
9 22 9
9 24 7
9 25 6
9 26 5
9 28 3
9 29 2
9 30 12
9 31 11
9 32 10
9 33 9
9 34 8
9 37 5
9 38 4
9 39 3
9 40 13
9 42 11
9 43 10
9 44 9
9 45 8
9 47 6
9 48 5
9 49 4
9 50 14
9 51 13
9 52 12
9 54 10
9 55 9
9 60 15
9 61 14
9 62 13
9 63 12
9 64 11
9 65 10
9 68 7
9 70 16
9 71 15
9 72 14
9 73 13
9 74 12
9 75 11
9 76 10
9 78 8
9 79 7
9 80 17
9 81 16
9 82 15
9 83 14
9 84 13
9 85 12
9 86 11
9 87 10
9 88 9
9 89 8
9 90 18
9 91 17
9 93 15
9 94 14
9 95 13
9 96 12
9 97 11
9 98 10
9 99 9
10 11 1
10 12 2
10 14 4
10 15 5
10 16 6
10 18 8
10 19 9
10 20 1
10 21 2
10 22 3
10 24 5
10 25 6
10 26 7
10 28 9
10 29 10
10 30 2
10 31 3
10 32 4
10 33 5
10 34 6
10 37 9
10 38 10
10 39 11
10 40 3
10 42 5
10 43 6
10 44 7
10 45 8
10 47 10
10 48 11
10 49 12
10 50 4
10 51 5
10 52 6
10 54 8
10 55 9
10 60 5
10 61 6
10 62 7
10 63 8
10 64 9
10 65 10
10 68 13
10 70 6
10 71 7
10 72 8
10 73 9
10 74 10
10 75 11
10 76 12
10 78 14
10 79 15
10 80 7
10 81 8
10 82 9
10 83 10
10 84 11
10 85 12
10 86 13
10 87 14
10 88 15
10 89 16
10 90 8
10 91 9
10 93 11
10 94 12
10 95 13
10 96 14
10 97 15
10 98 16
10 99 17
11 12 1
11 14 3
11 15 4
11 16 5
11 18 7
11 19 8
11 20 2
11 21 1
11 22 2
11 24 4
11 25 5
11 26 6
11 28 8
11 29 9
11 30 3
11 31 2
11 32 3
11 33 4
11 34 5
11 37 8
11 38 9
11 39 10
11 40 4
11 42 4
11 43 5
11 44 6
11 45 7
11 47 9
11 48 10
11 49 11
11 50 5
11 51 4
11 52 5
11 54 7
11 55 8
11 60 6
11 61 5
11 62 6
11 63 7
11 64 8
11 65 9
11 68 12
11 70 7
11 71 6
11 72 7
11 73 8
11 74 9
11 75 10
11 76 11
11 78 13
11 79 14
11 80 8
11 81 7
11 82 8
11 83 9
11 84 10
11 85 11
11 86 12
11 87 13
11 88 14
11 89 15
11 90 9
11 91 8
11 93 10
11 94 11
11 95 12
11 96 13
11 97 14
11 98 15
11 99 16
12 14 2
12 15 3
12 16 4
12 18 6
12 19 7
12 20 3
12 21 2
12 22 1
12 24 3
12 25 4
12 26 5
12 28 7
12 29 8
12 30 4
12 31 3
12 32 2
12 33 3
12 34 4
12 37 7
12 38 8
12 39 9
12 40 5
12 42 3
12 43 4
12 44 5
12 45 6
12 47 8
12 48 9
12 49 10
12 50 6
12 51 5
12 52 4
12 54 6
12 55 7
12 60 7
12 61 6
12 62 5
12 63 6
12 64 7
12 65 8
12 68 11
12 70 8
12 71 7
12 72 6
12 73 7
12 74 8
12 75 9
12 76 10
12 78 12
12 79 13
12 80 9
12 81 8
12 82 7
12 83 8
12 84 9
12 85 10
12 86 11
12 87 12
12 88 13
12 89 14
12 90 10
12 91 9
12 93 9
12 94 10
12 95 11
12 96 12
12 97 13
12 98 14
12 99 15
14 15 1
14 16 2
14 18 4
14 19 5
14 20 5
14 21 4
14 22 3
14 24 1
14 25 2
14 26 3
14 28 5
14 29 6
14 30 6
14 31 5
14 32 4
14 33 3
14 34 2
14 37 5
14 38 6
14 39 7
14 40 7
14 42 5
14 43 4
14 44 3
14 45 4
14 47 6
14 48 7
14 49 8
14 50 8
14 51 7
14 52 6
14 54 4
14 55 5
14 60 9
14 61 8
14 62 7
14 63 6
14 64 5
14 65 6
14 68 9
14 70 10
14 71 9
14 72 8
14 73 7
14 74 6
14 75 7
14 76 8
14 78 10
14 79 11
14 80 11
14 81 10
14 82 9
14 83 8
14 84 7
14 85 8
14 86 9
14 87 10
14 88 11
14 89 12
14 90 12
14 91 11
14 93 9
14 94 8
14 95 9
14 96 10
14 97 11
14 98 12
14 99 13
15 16 1
15 18 3
15 19 4
15 20 6
15 21 5
15 22 4
15 24 2
15 25 1
15 26 2
15 28 4
15 29 5
15 30 7
15 31 6
15 32 5
15 33 4
15 34 3
15 37 4
15 38 5
15 39 6
15 40 8
15 42 6
15 43 5
15 44 4
15 45 3
15 47 5
15 48 6
15 49 7
15 50 9
15 51 8
15 52 7
15 54 5
15 55 4
15 60 10
15 61 9
15 62 8
15 63 7
15 64 6
15 65 5
15 68 8
15 70 11
15 71 10
15 72 9
15 73 8
15 74 7
15 75 6
15 76 7
15 78 9
15 79 10
15 80 12
15 81 11
15 82 10
15 83 9
15 84 8
15 85 7
15 86 8
15 87 9
15 88 10
15 89 11
15 90 13
15 91 12
15 93 10
15 94 9
15 95 8
15 96 9
15 97 10
15 98 11
15 99 12
16 18 2
16 19 3
16 20 7
16 21 6
16 22 5
16 24 3
16 25 2
16 26 1
16 28 3
16 29 4
16 30 8
16 31 7
16 32 6
16 33 5
16 34 4
16 37 3
16 38 4
16 39 5
16 40 9
16 42 7
16 43 6
16 44 5
16 45 4
16 47 4
16 48 5
16 49 6
16 50 10
16 51 9
16 52 8
16 54 6
16 55 5
16 60 11
16 61 10
16 62 9
16 63 8
16 64 7
16 65 6
16 68 7
16 70 12
16 71 11
16 72 10
16 73 9
16 74 8
16 75 7
16 76 6
16 78 8
16 79 9
16 80 13
16 81 12
16 82 11
16 83 10
16 84 9
16 85 8
16 86 7
16 87 8
16 88 9
16 89 10
16 90 14
16 91 13
16 93 11
16 94 10
16 95 9
16 96 8
16 97 9
16 98 10
16 99 11
18 19 1
18 20 9
18 21 8
18 22 7
18 24 5
18 25 4
18 26 3
18 28 1
18 29 2
18 30 10
18 31 9
18 32 8
18 33 7
18 34 6
18 37 3
18 38 2
18 39 3
18 40 11
18 42 9
18 43 8
18 44 7
18 45 6
18 47 4
18 48 3
18 49 4
18 50 12
18 51 11
18 52 10
18 54 8
18 55 7
18 60 13
18 61 12
18 62 11
18 63 10
18 64 9
18 65 8
18 68 5
18 70 14
18 71 13
18 72 12
18 73 11
18 74 10
18 75 9
18 76 8
18 78 6
18 79 7
18 80 15
18 81 14
18 82 13
18 83 12
18 84 11
18 85 10
18 86 9
18 87 8
18 88 7
18 89 8
18 90 16
18 91 15
18 93 13
18 94 12
18 95 11
18 96 10
18 97 9
18 98 8
18 99 9
19 20 10
19 21 9
19 22 8
19 24 6
19 25 5
19 26 4
19 28 2
19 29 1
19 30 11
19 31 10
19 32 9
19 33 8
19 34 7
19 37 4
19 38 3
19 39 2
19 40 12
19 42 10
19 43 9
19 44 8
19 45 7
19 47 5
19 48 4
19 49 3
19 50 13
19 51 12
19 52 11
19 54 9
19 55 8
19 60 14
19 61 13
19 62 12
19 63 11
19 64 10
19 65 9
19 68 6
19 70 15
19 71 14
19 72 13
19 73 12
19 74 11
19 75 10
19 76 9
19 78 7
19 79 6
19 80 16
19 81 15
19 82 14
19 83 13
19 84 12
19 85 11
19 86 10
19 87 9
19 88 8
19 89 7
19 90 17
19 91 16
19 93 14
19 94 13
19 95 12
19 96 11
19 97 10
19 98 9
19 99 8
20 21 1
20 22 2
20 24 4
20 25 5
20 26 6
20 28 8
20 29 9
20 30 1
20 31 2
20 32 3
20 33 4
20 34 5
20 37 8
20 38 9
20 39 10
20 40 2
20 42 4
20 43 5
20 44 6
20 45 7
20 47 9
20 48 10
20 49 11
20 50 3
20 51 4
20 52 5
20 54 7
20 55 8
20 60 4
20 61 5
20 62 6
20 63 7
20 64 8
20 65 9
20 68 12
20 70 5
20 71 6
20 72 7
20 73 8
20 74 9
20 75 10
20 76 11
20 78 13
20 79 14
20 80 6
20 81 7
20 82 8
20 83 9
20 84 10
20 85 11
20 86 12
20 87 13
20 88 14
20 89 15
20 90 7
20 91 8
20 93 10
20 94 11
20 95 12
20 96 13
20 97 14
20 98 15
20 99 16
21 22 1
21 24 3
21 25 4
21 26 5
21 28 7
21 29 8
21 30 2
21 31 1
21 32 2
21 33 3
21 34 4
21 37 7
21 38 8
21 39 9
21 40 3
21 42 3
21 43 4
21 44 5
21 45 6
21 47 8
21 48 9
21 49 10
21 50 4
21 51 3
21 52 4
21 54 6
21 55 7
21 60 5
21 61 4
21 62 5
21 63 6
21 64 7
21 65 8
21 68 11
21 70 6
21 71 5
21 72 6
21 73 7
21 74 8
21 75 9
21 76 10
21 78 12
21 79 13
21 80 7
21 81 6
21 82 7
21 83 8
21 84 9
21 85 10
21 86 11
21 87 12
21 88 13
21 89 14
21 90 8
21 91 7
21 93 9
21 94 10
21 95 11
21 96 12
21 97 13
21 98 14
21 99 15
22 24 2
22 25 3
22 26 4
22 28 6
22 29 7
22 30 3
22 31 2
22 32 1
22 33 2
22 34 3
22 37 6
22 38 7
22 39 8
22 40 4
22 42 2
22 43 3
22 44 4
22 45 5
22 47 7
22 48 8
22 49 9
22 50 5
22 51 4
22 52 3
22 54 5
22 55 6
22 60 6
22 61 5
22 62 4
22 63 5
22 64 6
22 65 7
22 68 10
22 70 7
22 71 6
22 72 5
22 73 6
22 74 7
22 75 8
22 76 9
22 78 11
22 79 12
22 80 8
22 81 7
22 82 6
22 83 7
22 84 8
22 85 9
22 86 10
22 87 11
22 88 12
22 89 13
22 90 9
22 91 8
22 93 8
22 94 9
22 95 10
22 96 11
22 97 12
22 98 13
22 99 14
24 25 1
24 26 2
24 28 4
24 29 5
24 30 5
24 31 4
24 32 3
24 33 2
24 34 1
24 37 4
24 38 5
24 39 6
24 40 6
24 42 4
24 43 3
24 44 2
24 45 3
24 47 5
24 48 6
24 49 7
24 50 7
24 51 6
24 52 5
24 54 3
24 55 4
24 60 8
24 61 7
24 62 6
24 63 5
24 64 4
24 65 5
24 68 8
24 70 9
24 71 8
24 72 7
24 73 6
24 74 5
24 75 6
24 76 7
24 78 9
24 79 10
24 80 10
24 81 9
24 82 8
24 83 7
24 84 6
24 85 7
24 86 8
24 87 9
24 88 10
24 89 11
24 90 11
24 91 10
24 93 8
24 94 7
24 95 8
24 96 9
24 97 10
24 98 11
24 99 12
25 26 1
25 28 3
25 29 4
25 30 6
25 31 5
25 32 4
25 33 3
25 34 2
25 37 3
25 38 4
25 39 5
25 40 7
25 42 5
25 43 4
25 44 3
25 45 2
25 47 4
25 48 5
25 49 6
25 50 8
25 51 7
25 52 6
25 54 4
25 55 3
25 60 9
25 61 8
25 62 7
25 63 6
25 64 5
25 65 4
25 68 7
25 70 10
25 71 9
25 72 8
25 73 7
25 74 6
25 75 5
25 76 6
25 78 8
25 79 9
25 80 11
25 81 10
25 82 9
25 83 8
25 84 7
25 85 6
25 86 7
25 87 8
25 88 9
25 89 10
25 90 12
25 91 11
25 93 9
25 94 8
25 95 7
25 96 8
25 97 9
25 98 10
25 99 11
26 28 2
26 29 3
26 30 7
26 31 6
26 32 5
26 33 4
26 34 3
26 37 2
26 38 3
26 39 4
26 40 8
26 42 6
26 43 5
26 44 4
26 45 3
26 47 3
26 48 4
26 49 5
26 50 9
26 51 8
26 52 7
26 54 5
26 55 4
26 60 10
26 61 9
26 62 8
26 63 7
26 64 6
26 65 5
26 68 6
26 70 11
26 71 10
26 72 9
26 73 8
26 74 7
26 75 6
26 76 5
26 78 7
26 79 8
26 80 12
26 81 11
26 82 10
26 83 9
26 84 8
26 85 7
26 86 6
26 87 7
26 88 8
26 89 9
26 90 13
26 91 12
26 93 10
26 94 9
26 95 8
26 96 7
26 97 8
26 98 9
26 99 10
28 29 1
28 30 9
28 31 8
28 32 7
28 33 6
28 34 5
28 37 2
28 38 1
28 39 2
28 40 10
28 42 8
28 43 7
28 44 6
28 45 5
28 47 3
28 48 2
28 49 3
28 50 11
28 51 10
28 52 9
28 54 7
28 55 6
28 60 12
28 61 11
28 62 10
28 63 9
28 64 8
28 65 7
28 68 4
28 70 13
28 71 12
28 72 11
28 73 10
28 74 9
28 75 8
28 76 7
28 78 5
28 79 6
28 80 14
28 81 13
28 82 12
28 83 11
28 84 10
28 85 9
28 86 8
28 87 7
28 88 6
28 89 7
28 90 15
28 91 14
28 93 12
28 94 11
28 95 10
28 96 9
28 97 8
28 98 7
28 99 8
29 30 10
29 31 9
29 32 8
29 33 7
29 34 6
29 37 3
29 38 2
29 39 1
29 40 11
29 42 9
29 43 8
29 44 7
29 45 6
29 47 4
29 48 3
29 49 2
29 50 12
29 51 11
29 52 10
29 54 8
29 55 7
29 60 13
29 61 12
29 62 11
29 63 10
29 64 9
29 65 8
29 68 5
29 70 14
29 71 13
29 72 12
29 73 11
29 74 10
29 75 9
29 76 8
29 78 6
29 79 5
29 80 15
29 81 14
29 82 13
29 83 12
29 84 11
29 85 10
29 86 9
29 87 8
29 88 7
29 89 6
29 90 16
29 91 15
29 93 13
29 94 12
29 95 11
29 96 10
29 97 9
29 98 8
29 99 7
30 31 1
30 32 2
30 33 3
30 34 4
30 37 7
30 38 8
30 39 9
30 40 1
30 42 3
30 43 4
30 44 5
30 45 6
30 47 8
30 48 9
30 49 10
30 50 2
30 51 3
30 52 4
30 54 6
30 55 7
30 60 3
30 61 4
30 62 5
30 63 6
30 64 7
30 65 8
30 68 11
30 70 4
30 71 5
30 72 6
30 73 7
30 74 8
30 75 9
30 76 10
30 78 12
30 79 13
30 80 5
30 81 6
30 82 7
30 83 8
30 84 9
30 85 10
30 86 11
30 87 12
30 88 13
30 89 14
30 90 6
30 91 7
30 93 9
30 94 10
30 95 11
30 96 12
30 97 13
30 98 14
30 99 15
31 32 1
31 33 2
31 34 3
31 37 6
31 38 7
31 39 8
31 40 2
31 42 2
31 43 3
31 44 4
31 45 5
31 47 7
31 48 8
31 49 9
31 50 3
31 51 2
31 52 3
31 54 5
31 55 6
31 60 4
31 61 3
31 62 4
31 63 5
31 64 6
31 65 7
31 68 10
31 70 5
31 71 4
31 72 5
31 73 6
31 74 7
31 75 8
31 76 9
31 78 11
31 79 12
31 80 6
31 81 5
31 82 6
31 83 7
31 84 8
31 85 9
31 86 10
31 87 11
31 88 12
31 89 13
31 90 7
31 91 6
31 93 8
31 94 9
31 95 10
31 96 11
31 97 12
31 98 13
31 99 14
32 33 1
32 34 2
32 37 5
32 38 6
32 39 7
32 40 3
32 42 1
32 43 2
32 44 3
32 45 4
32 47 6
32 48 7
32 49 8
32 50 4
32 51 3
32 52 2
32 54 4
32 55 5
32 60 5
32 61 4
32 62 3
32 63 4
32 64 5
32 65 6
32 68 9
32 70 6
32 71 5
32 72 4
32 73 5
32 74 6
32 75 7
32 76 8
32 78 10
32 79 11
32 80 7
32 81 6
32 82 5
32 83 6
32 84 7
32 85 8
32 86 9
32 87 10
32 88 11
32 89 12
32 90 8
32 91 7
32 93 7
32 94 8
32 95 9
32 96 10
32 97 11
32 98 12
32 99 13
33 34 1
33 37 4
33 38 5
33 39 6
33 40 4
33 42 2
33 43 1
33 44 2
33 45 3
33 47 5
33 48 6
33 49 7
33 50 5
33 51 4
33 52 3
33 54 3
33 55 4
33 60 6
33 61 5
33 62 4
33 63 3
33 64 4
33 65 5
33 68 8
33 70 7
33 71 6
33 72 5
33 73 4
33 74 5
33 75 6
33 76 7
33 78 9
33 79 10
33 80 8
33 81 7
33 82 6
33 83 5
33 84 6
33 85 7
33 86 8
33 87 9
33 88 10
33 89 11
33 90 9
33 91 8
33 93 6
33 94 7
33 95 8
33 96 9
33 97 10
33 98 11
33 99 12
34 37 3
34 38 4
34 39 5
34 40 5
34 42 3
34 43 2
34 44 1
34 45 2
34 47 4
34 48 5
34 49 6
34 50 6
34 51 5
34 52 4
34 54 2
34 55 3
34 60 7
34 61 6
34 62 5
34 63 4
34 64 3
34 65 4
34 68 7
34 70 8
34 71 7
34 72 6
34 73 5
34 74 4
34 75 5
34 76 6
34 78 8
34 79 9
34 80 9
34 81 8
34 82 7
34 83 6
34 84 5
34 85 6
34 86 7
34 87 8
34 88 9
34 89 10
34 90 10
34 91 9
34 93 7
34 94 6
34 95 7
34 96 8
34 97 9
34 98 10
34 99 11
37 38 1
37 39 2
37 40 8
37 42 6
37 43 5
37 44 4
37 45 3
37 47 1
37 48 2
37 49 3
37 50 9
37 51 8
37 52 7
37 54 5
37 55 4
37 60 10
37 61 9
37 62 8
37 63 7
37 64 6
37 65 5
37 68 4
37 70 11
37 71 10
37 72 9
37 73 8
37 74 7
37 75 6
37 76 5
37 78 5
37 79 6
37 80 12
37 81 11
37 82 10
37 83 9
37 84 8
37 85 7
37 86 6
37 87 5
37 88 6
37 89 7
37 90 13
37 91 12
37 93 10
37 94 9
37 95 8
37 96 7
37 97 6
37 98 7
37 99 8
38 39 1
38 40 9
38 42 7
38 43 6
38 44 5
38 45 4
38 47 2
38 48 1
38 49 2
38 50 10
38 51 9
38 52 8
38 54 6
38 55 5
38 60 11
38 61 10
38 62 9
38 63 8
38 64 7
38 65 6
38 68 3
38 70 12
38 71 11
38 72 10
38 73 9
38 74 8
38 75 7
38 76 6
38 78 4
38 79 5
38 80 13
38 81 12
38 82 11
38 83 10
38 84 9
38 85 8
38 86 7
38 87 6
38 88 5
38 89 6
38 90 14
38 91 13
38 93 11
38 94 10
38 95 9
38 96 8
38 97 7
38 98 6
38 99 7
39 40 10
39 42 8
39 43 7
39 44 6
39 45 5
39 47 3
39 48 2
39 49 1
39 50 11
39 51 10
39 52 9
39 54 7
39 55 6
39 60 12
39 61 11
39 62 10
39 63 9
39 64 8
39 65 7
39 68 4
39 70 13
39 71 12
39 72 11
39 73 10
39 74 9
39 75 8
39 76 7
39 78 5
39 79 4
39 80 14
39 81 13
39 82 12
39 83 11
39 84 10
39 85 9
39 86 8
39 87 7
39 88 6
39 89 5
39 90 15
39 91 14
39 93 12
39 94 11
39 95 10
39 96 9
39 97 8
39 98 7
39 99 6
40 42 2
40 43 3
40 44 4
40 45 5
40 47 7
40 48 8
40 49 9
40 50 1
40 51 2
40 52 3
40 54 5
40 55 6
40 60 2
40 61 3
40 62 4
40 63 5
40 64 6
40 65 7
40 68 10
40 70 3
40 71 4
40 72 5
40 73 6
40 74 7
40 75 8
40 76 9
40 78 11
40 79 12
40 80 4
40 81 5
40 82 6
40 83 7
40 84 8
40 85 9
40 86 10
40 87 11
40 88 12
40 89 13
40 90 5
40 91 6
40 93 8
40 94 9
40 95 10
40 96 11
40 97 12
40 98 13
40 99 14
42 43 1
42 44 2
42 45 3
42 47 5
42 48 6
42 49 7
42 50 3
42 51 2
42 52 1
42 54 3
42 55 4
42 60 4
42 61 3
42 62 2
42 63 3
42 64 4
42 65 5
42 68 8
42 70 5
42 71 4
42 72 3
42 73 4
42 74 5
42 75 6
42 76 7
42 78 9
42 79 10
42 80 6
42 81 5
42 82 4
42 83 5
42 84 6
42 85 7
42 86 8
42 87 9
42 88 10
42 89 11
42 90 7
42 91 6
42 93 6
42 94 7
42 95 8
42 96 9
42 97 10
42 98 11
42 99 12
43 44 1
43 45 2
43 47 4
43 48 5
43 49 6
43 50 4
43 51 3
43 52 2
43 54 2
43 55 3
43 60 5
43 61 4
43 62 3
43 63 2
43 64 3
43 65 4
43 68 7
43 70 6
43 71 5
43 72 4
43 73 3
43 74 4
43 75 5
43 76 6
43 78 8
43 79 9
43 80 7
43 81 6
43 82 5
43 83 4
43 84 5
43 85 6
43 86 7
43 87 8
43 88 9
43 89 10
43 90 8
43 91 7
43 93 5
43 94 6
43 95 7
43 96 8
43 97 9
43 98 10
43 99 11
44 45 1
44 47 3
44 48 4
44 49 5
44 50 5
44 51 4
44 52 3
44 54 1
44 55 2
44 60 6
44 61 5
44 62 4
44 63 3
44 64 2
44 65 3
44 68 6
44 70 7
44 71 6
44 72 5
44 73 4
44 74 3
44 75 4
44 76 5
44 78 7
44 79 8
44 80 8
44 81 7
44 82 6
44 83 5
44 84 4
44 85 5
44 86 6
44 87 7
44 88 8
44 89 9
44 90 9
44 91 8
44 93 6
44 94 5
44 95 6
44 96 7
44 97 8
44 98 9
44 99 10
45 47 2
45 48 3
45 49 4
45 50 6
45 51 5
45 52 4
45 54 2
45 55 1
45 60 7
45 61 6
45 62 5
45 63 4
45 64 3
45 65 2
45 68 5
45 70 8
45 71 7
45 72 6
45 73 5
45 74 4
45 75 3
45 76 4
45 78 6
45 79 7
45 80 9
45 81 8
45 82 7
45 83 6
45 84 5
45 85 4
45 86 5
45 87 6
45 88 7
45 89 8
45 90 10
45 91 9
45 93 7
45 94 6
45 95 5
45 96 6
45 97 7
45 98 8
45 99 9
47 48 1
47 49 2
47 50 8
47 51 7
47 52 6
47 54 4
47 55 3
47 60 9
47 61 8
47 62 7
47 63 6
47 64 5
47 65 4
47 68 3
47 70 10
47 71 9
47 72 8
47 73 7
47 74 6
47 75 5
47 76 4
47 78 4
47 79 5
47 80 11
47 81 10
47 82 9
47 83 8
47 84 7
47 85 6
47 86 5
47 87 4
47 88 5
47 89 6
47 90 12
47 91 11
47 93 9
47 94 8
47 95 7
47 96 6
47 97 5
47 98 6
47 99 7
48 49 1
48 50 9
48 51 8
48 52 7
48 54 5
48 55 4
48 60 10
48 61 9
48 62 8
48 63 7
48 64 6
48 65 5
48 68 2
48 70 11
48 71 10
48 72 9
48 73 8
48 74 7
48 75 6
48 76 5
48 78 3
48 79 4
48 80 12
48 81 11
48 82 10
48 83 9
48 84 8
48 85 7
48 86 6
48 87 5
48 88 4
48 89 5
48 90 13
48 91 12
48 93 10
48 94 9
48 95 8
48 96 7
48 97 6
48 98 5
48 99 6
49 50 10
49 51 9
49 52 8
49 54 6
49 55 5
49 60 11
49 61 10
49 62 9
49 63 8
49 64 7
49 65 6
49 68 3
49 70 12
49 71 11
49 72 10
49 73 9
49 74 8
49 75 7
49 76 6
49 78 4
49 79 3
49 80 13
49 81 12
49 82 11
49 83 10
49 84 9
49 85 8
49 86 7
49 87 6
49 88 5
49 89 4
49 90 14
49 91 13
49 93 11
49 94 10
49 95 9
49 96 8
49 97 7
49 98 6
49 99 5
50 51 1
50 52 2
50 54 4
50 55 5
50 60 1
50 61 2
50 62 3
50 63 4
50 64 5
50 65 6
50 68 9
50 70 2
50 71 3
50 72 4
50 73 5
50 74 6
50 75 7
50 76 8
50 78 10
50 79 11
50 80 3
50 81 4
50 82 5
50 83 6
50 84 7
50 85 8
50 86 9
50 87 10
50 88 11
50 89 12
50 90 4
50 91 5
50 93 7
50 94 8
50 95 9
50 96 10
50 97 11
50 98 12
50 99 13
51 52 1
51 54 3
51 55 4
51 60 2
51 61 1
51 62 2
51 63 3
51 64 4
51 65 5
51 68 8
51 70 3
51 71 2
51 72 3
51 73 4
51 74 5
51 75 6
51 76 7
51 78 9
51 79 10
51 80 4
51 81 3
51 82 4
51 83 5
51 84 6
51 85 7
51 86 8
51 87 9
51 88 10
51 89 11
51 90 5
51 91 4
51 93 6
51 94 7
51 95 8
51 96 9
51 97 10
51 98 11
51 99 12
52 54 2
52 55 3
52 60 3
52 61 2
52 62 1
52 63 2
52 64 3
52 65 4
52 68 7
52 70 4
52 71 3
52 72 2
52 73 3
52 74 4
52 75 5
52 76 6
52 78 8
52 79 9
52 80 5
52 81 4
52 82 3
52 83 4
52 84 5
52 85 6
52 86 7
52 87 8
52 88 9
52 89 10
52 90 6
52 91 5
52 93 5
52 94 6
52 95 7
52 96 8
52 97 9
52 98 10
52 99 11
54 55 1
54 60 5
54 61 4
54 62 3
54 63 2
54 64 1
54 65 2
54 68 5
54 70 6
54 71 5
54 72 4
54 73 3
54 74 2
54 75 3
54 76 4
54 78 6
54 79 7
54 80 7
54 81 6
54 82 5
54 83 4
54 84 3
54 85 4
54 86 5
54 87 6
54 88 7
54 89 8
54 90 8
54 91 7
54 93 5
54 94 4
54 95 5
54 96 6
54 97 7
54 98 8
54 99 9
55 60 6
55 61 5
55 62 4
55 63 3
55 64 2
55 65 1
55 68 4
55 70 7
55 71 6
55 72 5
55 73 4
55 74 3
55 75 2
55 76 3
55 78 5
55 79 6
55 80 8
55 81 7
55 82 6
55 83 5
55 84 4
55 85 3
55 86 4
55 87 5
55 88 6
55 89 7
55 90 9
55 91 8
55 93 6
55 94 5
55 95 4
55 96 5
55 97 6
55 98 7
55 99 8
60 61 1
60 62 2
60 63 3
60 64 4
60 65 5
60 68 8
60 70 1
60 71 2
60 72 3
60 73 4
60 74 5
60 75 6
60 76 7
60 78 9
60 79 10
60 80 2
60 81 3
60 82 4
60 83 5
60 84 6
60 85 7
60 86 8
60 87 9
60 88 10
60 89 11
60 90 3
60 91 4
60 93 6
60 94 7
60 95 8
60 96 9
60 97 10
60 98 11
60 99 12
61 62 1
61 63 2
61 64 3
61 65 4
61 68 7
61 70 2
61 71 1
61 72 2
61 73 3
61 74 4
61 75 5
61 76 6
61 78 8
61 79 9
61 80 3
61 81 2
61 82 3
61 83 4
61 84 5
61 85 6
61 86 7
61 87 8
61 88 9
61 89 10
61 90 4
61 91 3
61 93 5
61 94 6
61 95 7
61 96 8
61 97 9
61 98 10
61 99 11
62 63 1
62 64 2
62 65 3
62 68 6
62 70 3
62 71 2
62 72 1
62 73 2
62 74 3
62 75 4
62 76 5
62 78 7
62 79 8
62 80 4
62 81 3
62 82 2
62 83 3
62 84 4
62 85 5
62 86 6
62 87 7
62 88 8
62 89 9
62 90 5
62 91 4
62 93 4
62 94 5
62 95 6
62 96 7
62 97 8
62 98 9
62 99 10
63 64 1
63 65 2
63 68 5
63 70 4
63 71 3
63 72 2
63 73 1
63 74 2
63 75 3
63 76 4
63 78 6
63 79 7
63 80 5
63 81 4
63 82 3
63 83 2
63 84 3
63 85 4
63 86 5
63 87 6
63 88 7
63 89 8
63 90 6
63 91 5
63 93 3
63 94 4
63 95 5
63 96 6
63 97 7
63 98 8
63 99 9
64 65 1
64 68 4
64 70 5
64 71 4
64 72 3
64 73 2
64 74 1
64 75 2
64 76 3
64 78 5
64 79 6
64 80 6
64 81 5
64 82 4
64 83 3
64 84 2
64 85 3
64 86 4
64 87 5
64 88 6
64 89 7
64 90 7
64 91 6
64 93 4
64 94 3
64 95 4
64 96 5
64 97 6
64 98 7
64 99 8
65 68 3
65 70 6
65 71 5
65 72 4
65 73 3
65 74 2
65 75 1
65 76 2
65 78 4
65 79 5
65 80 7
65 81 6
65 82 5
65 83 4
65 84 3
65 85 2
65 86 3
65 87 4
65 88 5
65 89 6
65 90 8
65 91 7
65 93 5
65 94 4
65 95 3
65 96 4
65 97 5
65 98 6
65 99 7
68 70 9
68 71 8
68 72 7
68 73 6
68 74 5
68 75 4
68 76 3
68 78 1
68 79 2
68 80 10
68 81 9
68 82 8
68 83 7
68 84 6
68 85 5
68 86 4
68 87 3
68 88 2
68 89 3
68 90 11
68 91 10
68 93 8
68 94 7
68 95 6
68 96 5
68 97 4
68 98 3
68 99 4
70 71 1
70 72 2
70 73 3
70 74 4
70 75 5
70 76 6
70 78 8
70 79 9
70 80 1
70 81 2
70 82 3
70 83 4
70 84 5
70 85 6
70 86 7
70 87 8
70 88 9
70 89 10
70 90 2
70 91 3
70 93 5
70 94 6
70 95 7
70 96 8
70 97 9
70 98 10
70 99 11
71 72 1
71 73 2
71 74 3
71 75 4
71 76 5
71 78 7
71 79 8
71 80 2
71 81 1
71 82 2
71 83 3
71 84 4
71 85 5
71 86 6
71 87 7
71 88 8
71 89 9
71 90 3
71 91 2
71 93 4
71 94 5
71 95 6
71 96 7
71 97 8
71 98 9
71 99 10
72 73 1
72 74 2
72 75 3
72 76 4
72 78 6
72 79 7
72 80 3
72 81 2
72 82 1
72 83 2
72 84 3
72 85 4
72 86 5
72 87 6
72 88 7
72 89 8
72 90 4
72 91 3
72 93 3
72 94 4
72 95 5
72 96 6
72 97 7
72 98 8
72 99 9
73 74 1
73 75 2
73 76 3
73 78 5
73 79 6
73 80 4
73 81 3
73 82 2
73 83 1
73 84 2
73 85 3
73 86 4
73 87 5
73 88 6
73 89 7
73 90 5
73 91 4
73 93 2
73 94 3
73 95 4
73 96 5
73 97 6
73 98 7
73 99 8
74 75 1
74 76 2
74 78 4
74 79 5
74 80 5
74 81 4
74 82 3
74 83 2
74 84 1
74 85 2
74 86 3
74 87 4
74 88 5
74 89 6
74 90 6
74 91 5
74 93 3
74 94 2
74 95 3
74 96 4
74 97 5
74 98 6
74 99 7
75 76 1
75 78 3
75 79 4
75 80 6
75 81 5
75 82 4
75 83 3
75 84 2
75 85 1
75 86 2
75 87 3
75 88 4
75 89 5
75 90 7
75 91 6
75 93 4
75 94 3
75 95 2
75 96 3
75 97 4
75 98 5
75 99 6
76 78 2
76 79 3
76 80 7
76 81 6
76 82 5
76 83 4
76 84 3
76 85 2
76 86 1
76 87 2
76 88 3
76 89 4
76 90 8
76 91 7
76 93 5
76 94 4
76 95 3
76 96 2
76 97 3
76 98 4
76 99 5
78 79 1
78 80 9
78 81 8
78 82 7
78 83 6
78 84 5
78 85 4
78 86 3
78 87 2
78 88 1
78 89 2
78 90 10
78 91 9
78 93 7
78 94 6
78 95 5
78 96 4
78 97 3
78 98 2
78 99 3
79 80 10
79 81 9
79 82 8
79 83 7
79 84 6
79 85 5
79 86 4
79 87 3
79 88 2
79 89 1
79 90 11
79 91 10
79 93 8
79 94 7
79 95 6
79 96 5
79 97 4
79 98 3
79 99 2
80 81 1
80 82 2
80 83 3
80 84 4
80 85 5
80 86 6
80 87 7
80 88 8
80 89 9
80 90 1
80 91 2
80 93 4
80 94 5
80 95 6
80 96 7
80 97 8
80 98 9
80 99 10
81 82 1
81 83 2
81 84 3
81 85 4
81 86 5
81 87 6
81 88 7
81 89 8
81 90 2
81 91 1
81 93 3
81 94 4
81 95 5
81 96 6
81 97 7
81 98 8
81 99 9
82 83 1
82 84 2
82 85 3
82 86 4
82 87 5
82 88 6
82 89 7
82 90 3
82 91 2
82 93 2
82 94 3
82 95 4
82 96 5
82 97 6
82 98 7
82 99 8
83 84 1
83 85 2
83 86 3
83 87 4
83 88 5
83 89 6
83 90 4
83 91 3
83 93 1
83 94 2
83 95 3
83 96 4
83 97 5
83 98 6
83 99 7
84 85 1
84 86 2
84 87 3
84 88 4
84 89 5
84 90 5
84 91 4
84 93 2
84 94 1
84 95 2
84 96 3
84 97 4
84 98 5
84 99 6
85 86 1
85 87 2
85 88 3
85 89 4
85 90 6
85 91 5
85 93 3
85 94 2
85 95 1
85 96 2
85 97 3
85 98 4
85 99 5
86 87 1
86 88 2
86 89 3
86 90 7
86 91 6
86 93 4
86 94 3
86 95 2
86 96 1
86 97 2
86 98 3
86 99 4
87 88 1
87 89 2
87 90 8
87 91 7
87 93 5
87 94 4
87 95 3
87 96 2
87 97 1
87 98 2
87 99 3
88 89 1
88 90 9
88 91 8
88 93 6
88 94 5
88 95 4
88 96 3
88 97 2
88 98 1
88 99 2
89 90 10
89 91 9
89 93 7
89 94 6
89 95 5
89 96 4
89 97 3
89 98 2
89 99 1
90 91 1
90 93 3
90 94 4
90 95 5
90 96 6
90 97 7
90 98 8
90 99 9
91 93 2
91 94 3
91 95 4
91 96 5
91 97 6
91 98 7
91 99 8
93 94 1
93 95 2
93 96 3
93 97 4
93 98 5
93 99 6
94 95 1
94 96 2
94 97 3
94 98 4
94 99 5
95 96 1
95 97 2
95 98 3
95 99 4
96 97 1
96 98 2
96 99 3
97 98 1
97 99 2
98 99 1
0 1 0
0 2 0
0 3 2
0 4 3
0 5 3
0 6 3
0 7 2
0 8 2
0 9 0
0 10 0
0 11 1
0 12 3
0 13 4
0 14 1
0 15 0
0 16 0
0 17 0
0 18 3
0 19 3
1 2 3
1 3 2
1 4 4
1 5 3
1 6 3
1 7 0
1 8 2
1 9 1
1 10 1
1 11 0
1 12 2
1 13 3
1 14 1
1 15 3
1 16 1
1 17 4
1 18 1
1 19 4
2 3 2
2 4 3
2 5 0
2 6 2
2 7 0
2 8 3
2 9 2
2 10 1
2 11 4
2 12 3
2 13 2
2 14 3
2 15 1
2 16 0
2 17 0
2 18 1
2 19 4
3 4 4
3 5 1
3 6 1
3 7 0
3 8 2
3 9 2
3 10 3
3 11 1
3 12 3
3 13 1
3 14 2
3 15 3
3 16 3
3 17 2
3 18 1
3 19 2
4 5 3
4 6 3
4 7 2
4 8 1
4 9 1
4 10 4
4 11 1
4 12 4
4 13 1
4 14 4
4 15 1
4 16 2
4 17 0
4 18 2
4 19 1
5 6 4
5 7 3
5 8 3
5 9 0
5 10 1
5 11 0
5 12 4
5 13 2
5 14 3
5 15 0
5 16 0
5 17 2
5 18 4
5 19 3
6 7 3
6 8 1
6 9 1
6 10 2
6 11 4
6 12 2
6 13 4
6 14 3
6 15 4
6 16 4
6 17 4
6 18 3
6 19 0
7 8 2
7 9 3
7 10 2
7 11 4
7 12 3
7 13 1
7 14 2
7 15 4
7 16 2
7 17 2
7 18 3
7 19 0
8 9 1
8 10 4
8 11 0
8 12 3
8 13 3
8 14 4
8 15 1
8 16 0
8 17 0
8 18 3
8 19 4
9 10 3
9 11 2
9 12 2
9 13 2
9 14 1
9 15 2
9 16 1
9 17 2
9 18 0
9 19 0
10 11 0
10 12 4
10 13 3
10 14 1
10 15 1
10 16 2
10 17 4
10 18 3
10 19 1
11 12 0
11 13 4
11 14 0
11 15 1
11 16 3
11 17 3
11 18 0
11 19 4
12 13 3
12 14 0
12 15 3
12 16 3
12 17 3
12 18 1
12 19 0
13 14 1
13 15 3
13 16 3
13 17 2
13 18 0
13 19 3
14 15 2
14 16 0
14 17 2
14 18 1
14 19 2
15 16 3
15 17 4
15 18 2
15 19 2
16 17 0
16 18 2
16 19 2
17 18 0
17 19 3
18 19 0
