80 20
1 2 1
1 3 2
1 4 3
1 5 4
1 6 5
1 8 7
1 10 2
1 11 1
1 12 2
1 13 3
1 14 4
1 15 5
1 16 6
1 17 7
1 20 3
1 21 2
1 22 3
1 23 4
1 24 5
1 26 7
1 27 8
1 28 9
1 29 10
1 31 3
1 32 4
1 33 5
1 34 6
1 35 7
1 36 8
1 37 9
1 40 5
1 44 7
1 45 8
1 46 9
1 48 11
1 50 6
1 51 5
1 52 6
1 53 7
1 54 8
1 55 9
1 56 10
1 57 11
1 58 12
1 59 13
1 60 7
1 61 6
1 62 7
1 63 8
1 64 9
1 66 11
1 67 12
1 68 13
1 69 14
1 70 8
1 71 7
1 72 8
1 73 9
1 74 10
1 75 11
1 77 13
1 78 14
1 80 9
1 81 8
1 82 9
1 84 11
1 85 12
1 87 14
1 88 15
1 89 16
1 90 10
1 91 9
1 92 10
1 93 11
1 95 13
1 96 14
1 97 15
1 98 16
1 99 17
2 3 1
2 4 2
2 5 3
2 6 4
2 8 6
2 10 3
2 11 2
2 12 1
2 13 2
2 14 3
2 15 4
2 16 5
2 17 6
2 20 4
2 21 3
2 22 2
2 23 3
2 24 4
2 26 6
2 27 7
2 28 8
2 29 9
2 31 4
2 32 3
2 33 4
2 34 5
2 35 6
2 36 7
2 37 8
2 40 6
2 44 6
2 45 7
2 46 8
2 48 10
2 50 7
2 51 6
2 52 5
2 53 6
2 54 7
2 55 8
2 56 9
2 57 10
2 58 11
2 59 12
2 60 8
2 61 7
2 62 6
2 63 7
2 64 8
2 66 10
2 67 11
2 68 12
2 69 13
2 70 9
2 71 8
2 72 7
2 73 8
2 74 9
2 75 10
2 77 12
2 78 13
2 80 10
2 81 9
2 82 8
2 84 10
2 85 11
2 87 13
2 88 14
2 89 15
2 90 11
2 91 10
2 92 9
2 93 10
2 95 12
2 96 13
2 97 14
2 98 15
2 99 16
3 4 1
3 5 2
3 6 3
3 8 5
3 10 4
3 11 3
3 12 2
3 13 1
3 14 2
3 15 3
3 16 4
3 17 5
3 20 5
3 21 4
3 22 3
3 23 2
3 24 3
3 26 5
3 27 6
3 28 7
3 29 8
3 31 5
3 32 4
3 33 3
3 34 4
3 35 5
3 36 6
3 37 7
3 40 7
3 44 5
3 45 6
3 46 7
3 48 9
3 50 8
3 51 7
3 52 6
3 53 5
3 54 6
3 55 7
3 56 8
3 57 9
3 58 10
3 59 11
3 60 9
3 61 8
3 62 7
3 63 6
3 64 7
3 66 9
3 67 10
3 68 11
3 69 12
3 70 10
3 71 9
3 72 8
3 73 7
3 74 8
3 75 9
3 77 11
3 78 12
3 80 11
3 81 10
3 82 9
3 84 9
3 85 10
3 87 12
3 88 13
3 89 14
3 90 12
3 91 11
3 92 10
3 93 9
3 95 11
3 96 12
3 97 13
3 98 14
3 99 15
4 5 1
4 6 2
4 8 4
4 10 5
4 11 4
4 12 3
4 13 2
4 14 1
4 15 2
4 16 3
4 17 4
4 20 6
4 21 5
4 22 4
4 23 3
4 24 2
4 26 4
4 27 5
4 28 6
4 29 7
4 31 6
4 32 5
4 33 4
4 34 3
4 35 4
4 36 5
4 37 6
4 40 8
4 44 4
4 45 5
4 46 6
4 48 8
4 50 9
4 51 8
4 52 7
4 53 6
4 54 5
4 55 6
4 56 7
4 57 8
4 58 9
4 59 10
4 60 10
4 61 9
4 62 8
4 63 7
4 64 6
4 66 8
4 67 9
4 68 10
4 69 11
4 70 11
4 71 10
4 72 9
4 73 8
4 74 7
4 75 8
4 77 10
4 78 11
4 80 12
4 81 11
4 82 10
4 84 8
4 85 9
4 87 11
4 88 12
4 89 13
4 90 13
4 91 12
4 92 11
4 93 10
4 95 10
4 96 11
4 97 12
4 98 13
4 99 14
5 6 1
5 8 3
5 10 6
5 11 5
5 12 4
5 13 3
5 14 2
5 15 1
5 16 2
5 17 3
5 20 7
5 21 6
5 22 5
5 23 4
5 24 3
5 26 3
5 27 4
5 28 5
5 29 6
5 31 7
5 32 6
5 33 5
5 34 4
5 35 3
5 36 4
5 37 5
5 40 9
5 44 5
5 45 4
5 46 5
5 48 7
5 50 10
5 51 9
5 52 8
5 53 7
5 54 6
5 55 5
5 56 6
5 57 7
5 58 8
5 59 9
5 60 11
5 61 10
5 62 9
5 63 8
5 64 7
5 66 7
5 67 8
5 68 9
5 69 10
5 70 12
5 71 11
5 72 10
5 73 9
5 74 8
5 75 7
5 77 9
5 78 10
5 80 13
5 81 12
5 82 11
5 84 9
5 85 8
5 87 10
5 88 11
5 89 12
5 90 14
5 91 13
5 92 12
5 93 11
5 95 9
5 96 10
5 97 11
5 98 12
5 99 13
6 8 2
6 10 7
6 11 6
6 12 5
6 13 4
6 14 3
6 15 2
6 16 1
6 17 2
6 20 8
6 21 7
6 22 6
6 23 5
6 24 4
6 26 2
6 27 3
6 28 4
6 29 5
6 31 8
6 32 7
6 33 6
6 34 5
6 35 4
6 36 3
6 37 4
6 40 10
6 44 6
6 45 5
6 46 4
6 48 6
6 50 11
6 51 10
6 52 9
6 53 8
6 54 7
6 55 6
6 56 5
6 57 6
6 58 7
6 59 8
6 60 12
6 61 11
6 62 10
6 63 9
6 64 8
6 66 6
6 67 7
6 68 8
6 69 9
6 70 13
6 71 12
6 72 11
6 73 10
6 74 9
6 75 8
6 77 8
6 78 9
6 80 14
6 81 13
6 82 12
6 84 10
6 85 9
6 87 9
6 88 10
6 89 11
6 90 15
6 91 14
6 92 13
6 93 12
6 95 10
6 96 9
6 97 10
6 98 11
6 99 12
8 10 9
8 11 8
8 12 7
8 13 6
8 14 5
8 15 4
8 16 3
8 17 2
8 20 10
8 21 9
8 22 8
8 23 7
8 24 6
8 26 4
8 27 3
8 28 2
8 29 3
8 31 10
8 32 9
8 33 8
8 34 7
8 35 6
8 36 5
8 37 4
8 40 12
8 44 8
8 45 7
8 46 6
8 48 4
8 50 13
8 51 12
8 52 11
8 53 10
8 54 9
8 55 8
8 56 7
8 57 6
8 58 5
8 59 6
8 60 14
8 61 13
8 62 12
8 63 11
8 64 10
8 66 8
8 67 7
8 68 6
8 69 7
8 70 15
8 71 14
8 72 13
8 73 12
8 74 11
8 75 10
8 77 8
8 78 7
8 80 16
8 81 15
8 82 14
8 84 12
8 85 11
8 87 9
8 88 8
8 89 9
8 90 17
8 91 16
8 92 15
8 93 14
8 95 12
8 96 11
8 97 10
8 98 9
8 99 10
10 11 1
10 12 2
10 13 3
10 14 4
10 15 5
10 16 6
10 17 7
10 20 1
10 21 2
10 22 3
10 23 4
10 24 5
10 26 7
10 27 8
10 28 9
10 29 10
10 31 3
10 32 4
10 33 5
10 34 6
10 35 7
10 36 8
10 37 9
10 40 3
10 44 7
10 45 8
10 46 9
10 48 11
10 50 4
10 51 5
10 52 6
10 53 7
10 54 8
10 55 9
10 56 10
10 57 11
10 58 12
10 59 13
10 60 5
10 61 6
10 62 7
10 63 8
10 64 9
10 66 11
10 67 12
10 68 13
10 69 14
10 70 6
10 71 7
10 72 8
10 73 9
10 74 10
10 75 11
10 77 13
10 78 14
10 80 7
10 81 8
10 82 9
10 84 11
10 85 12
10 87 14
10 88 15
10 89 16
10 90 8
10 91 9
10 92 10
10 93 11
10 95 13
10 96 14
10 97 15
10 98 16
10 99 17
11 12 1
11 13 2
11 14 3
11 15 4
11 16 5
11 17 6
11 20 2
11 21 1
11 22 2
11 23 3
11 24 4
11 26 6
11 27 7
11 28 8
11 29 9
11 31 2
11 32 3
11 33 4
11 34 5
11 35 6
11 36 7
11 37 8
11 40 4
11 44 6
11 45 7
11 46 8
11 48 10
11 50 5
11 51 4
11 52 5
11 53 6
11 54 7
11 55 8
11 56 9
11 57 10
11 58 11
11 59 12
11 60 6
11 61 5
11 62 6
11 63 7
11 64 8
11 66 10
11 67 11
11 68 12
11 69 13
11 70 7
11 71 6
11 72 7
11 73 8
11 74 9
11 75 10
11 77 12
11 78 13
11 80 8
11 81 7
11 82 8
11 84 10
11 85 11
11 87 13
11 88 14
11 89 15
11 90 9
11 91 8
11 92 9
11 93 10
11 95 12
11 96 13
11 97 14
11 98 15
11 99 16
12 13 1
12 14 2
12 15 3
12 16 4
12 17 5
12 20 3
12 21 2
12 22 1
12 23 2
12 24 3
12 26 5
12 27 6
12 28 7
12 29 8
12 31 3
12 32 2
12 33 3
12 34 4
12 35 5
12 36 6
12 37 7
12 40 5
12 44 5
12 45 6
12 46 7
12 48 9
12 50 6
12 51 5
12 52 4
12 53 5
12 54 6
12 55 7
12 56 8
12 57 9
12 58 10
12 59 11
12 60 7
12 61 6
12 62 5
12 63 6
12 64 7
12 66 9
12 67 10
12 68 11
12 69 12
12 70 8
12 71 7
12 72 6
12 73 7
12 74 8
12 75 9
12 77 11
12 78 12
12 80 9
12 81 8
12 82 7
12 84 9
12 85 10
12 87 12
12 88 13
12 89 14
12 90 10
12 91 9
12 92 8
12 93 9
12 95 11
12 96 12
12 97 13
12 98 14
12 99 15
13 14 1
13 15 2
13 16 3
13 17 4
13 20 4
13 21 3
13 22 2
13 23 1
13 24 2
13 26 4
13 27 5
13 28 6
13 29 7
13 31 4
13 32 3
13 33 2
13 34 3
13 35 4
13 36 5
13 37 6
13 40 6
13 44 4
13 45 5
13 46 6
13 48 8
13 50 7
13 51 6
13 52 5
13 53 4
13 54 5
13 55 6
13 56 7
13 57 8
13 58 9
13 59 10
13 60 8
13 61 7
13 62 6
13 63 5
13 64 6
13 66 8
13 67 9
13 68 10
13 69 11
13 70 9
13 71 8
13 72 7
13 73 6
13 74 7
13 75 8
13 77 10
13 78 11
13 80 10
13 81 9
13 82 8
13 84 8
13 85 9
13 87 11
13 88 12
13 89 13
13 90 11
13 91 10
13 92 9
13 93 8
13 95 10
13 96 11
13 97 12
13 98 13
13 99 14
14 15 1
14 16 2
14 17 3
14 20 5
14 21 4
14 22 3
14 23 2
14 24 1
14 26 3
14 27 4
14 28 5
14 29 6
14 31 5
14 32 4
14 33 3
14 34 2
14 35 3
14 36 4
14 37 5
14 40 7
14 44 3
14 45 4
14 46 5
14 48 7
14 50 8
14 51 7
14 52 6
14 53 5
14 54 4
14 55 5
14 56 6
14 57 7
14 58 8
14 59 9
14 60 9
14 61 8
14 62 7
14 63 6
14 64 5
14 66 7
14 67 8
14 68 9
14 69 10
14 70 10
14 71 9
14 72 8
14 73 7
14 74 6
14 75 7
14 77 9
14 78 10
14 80 11
14 81 10
14 82 9
14 84 7
14 85 8
14 87 10
14 88 11
14 89 12
14 90 12
14 91 11
14 92 10
14 93 9
14 95 9
14 96 10
14 97 11
14 98 12
14 99 13
15 16 1
15 17 2
15 20 6
15 21 5
15 22 4
15 23 3
15 24 2
15 26 2
15 27 3
15 28 4
15 29 5
15 31 6
15 32 5
15 33 4
15 34 3
15 35 2
15 36 3
15 37 4
15 40 8
15 44 4
15 45 3
15 46 4
15 48 6
15 50 9
15 51 8
15 52 7
15 53 6
15 54 5
15 55 4
15 56 5
15 57 6
15 58 7
15 59 8
15 60 10
15 61 9
15 62 8
15 63 7
15 64 6
15 66 6
15 67 7
15 68 8
15 69 9
15 70 11
15 71 10
15 72 9
15 73 8
15 74 7
15 75 6
15 77 8
15 78 9
15 80 12
15 81 11
15 82 10
15 84 8
15 85 7
15 87 9
15 88 10
15 89 11
15 90 13
15 91 12
15 92 11
15 93 10
15 95 8
15 96 9
15 97 10
15 98 11
15 99 12
16 17 1
16 20 7
16 21 6
16 22 5
16 23 4
16 24 3
16 26 1
16 27 2
16 28 3
16 29 4
16 31 7
16 32 6
16 33 5
16 34 4
16 35 3
16 36 2
16 37 3
16 40 9
16 44 5
16 45 4
16 46 3
16 48 5
16 50 10
16 51 9
16 52 8
16 53 7
16 54 6
16 55 5
16 56 4
16 57 5
16 58 6
16 59 7
16 60 11
16 61 10
16 62 9
16 63 8
16 64 7
16 66 5
16 67 6
16 68 7
16 69 8
16 70 12
16 71 11
16 72 10
16 73 9
16 74 8
16 75 7
16 77 7
16 78 8
16 80 13
16 81 12
16 82 11
16 84 9
16 85 8
16 87 8
16 88 9
16 89 10
16 90 14
16 91 13
16 92 12
16 93 11
16 95 9
16 96 8
16 97 9
16 98 10
16 99 11
17 20 8
17 21 7
17 22 6
17 23 5
17 24 4
17 26 2
17 27 1
17 28 2
17 29 3
17 31 8
17 32 7
17 33 6
17 34 5
17 35 4
17 36 3
17 37 2
17 40 10
17 44 6
17 45 5
17 46 4
17 48 4
17 50 11
17 51 10
17 52 9
17 53 8
17 54 7
17 55 6
17 56 5
17 57 4
17 58 5
17 59 6
17 60 12
17 61 11
17 62 10
17 63 9
17 64 8
17 66 6
17 67 5
17 68 6
17 69 7
17 70 13
17 71 12
17 72 11
17 73 10
17 74 9
17 75 8
17 77 6
17 78 7
17 80 14
17 81 13
17 82 12
17 84 10
17 85 9
17 87 7
17 88 8
17 89 9
17 90 15
17 91 14
17 92 13
17 93 12
17 95 10
17 96 9
17 97 8
17 98 9
17 99 10
20 21 1
20 22 2
20 23 3
20 24 4
20 26 6
20 27 7
20 28 8
20 29 9
20 31 2
20 32 3
20 33 4
20 34 5
20 35 6
20 36 7
20 37 8
20 40 2
20 44 6
20 45 7
20 46 8
20 48 10
20 50 3
20 51 4
20 52 5
20 53 6
20 54 7
20 55 8
20 56 9
20 57 10
20 58 11
20 59 12
20 60 4
20 61 5
20 62 6
20 63 7
20 64 8
20 66 10
20 67 11
20 68 12
20 69 13
20 70 5
20 71 6
20 72 7
20 73 8
20 74 9
20 75 10
20 77 12
20 78 13
20 80 6
20 81 7
20 82 8
20 84 10
20 85 11
20 87 13
20 88 14
20 89 15
20 90 7
20 91 8
20 92 9
20 93 10
20 95 12
20 96 13
20 97 14
20 98 15
20 99 16
21 22 1
21 23 2
21 24 3
21 26 5
21 27 6
21 28 7
21 29 8
21 31 1
21 32 2
21 33 3
21 34 4
21 35 5
21 36 6
21 37 7
21 40 3
21 44 5
21 45 6
21 46 7
21 48 9
21 50 4
21 51 3
21 52 4
21 53 5
21 54 6
21 55 7
21 56 8
21 57 9
21 58 10
21 59 11
21 60 5
21 61 4
21 62 5
21 63 6
21 64 7
21 66 9
21 67 10
21 68 11
21 69 12
21 70 6
21 71 5
21 72 6
21 73 7
21 74 8
21 75 9
21 77 11
21 78 12
21 80 7
21 81 6
21 82 7
21 84 9
21 85 10
21 87 12
21 88 13
21 89 14
21 90 8
21 91 7
21 92 8
21 93 9
21 95 11
21 96 12
21 97 13
21 98 14
21 99 15
22 23 1
22 24 2
22 26 4
22 27 5
22 28 6
22 29 7
22 31 2
22 32 1
22 33 2
22 34 3
22 35 4
22 36 5
22 37 6
22 40 4
22 44 4
22 45 5
22 46 6
22 48 8
22 50 5
22 51 4
22 52 3
22 53 4
22 54 5
22 55 6
22 56 7
22 57 8
22 58 9
22 59 10
22 60 6
22 61 5
22 62 4
22 63 5
22 64 6
22 66 8
22 67 9
22 68 10
22 69 11
22 70 7
22 71 6
22 72 5
22 73 6
22 74 7
22 75 8
22 77 10
22 78 11
22 80 8
22 81 7
22 82 6
22 84 8
22 85 9
22 87 11
22 88 12
22 89 13
22 90 9
22 91 8
22 92 7
22 93 8
22 95 10
22 96 11
22 97 12
22 98 13
22 99 14
23 24 1
23 26 3
23 27 4
23 28 5
23 29 6
23 31 3
23 32 2
23 33 1
23 34 2
23 35 3
23 36 4
23 37 5
23 40 5
23 44 3
23 45 4
23 46 5
23 48 7
23 50 6
23 51 5
23 52 4
23 53 3
23 54 4
23 55 5
23 56 6
23 57 7
23 58 8
23 59 9
23 60 7
23 61 6
23 62 5
23 63 4
23 64 5
23 66 7
23 67 8
23 68 9
23 69 10
23 70 8
23 71 7
23 72 6
23 73 5
23 74 6
23 75 7
23 77 9
23 78 10
23 80 9
23 81 8
23 82 7
23 84 7
23 85 8
23 87 10
23 88 11
23 89 12
23 90 10
23 91 9
23 92 8
23 93 7
23 95 9
23 96 10
23 97 11
23 98 12
23 99 13
24 26 2
24 27 3
24 28 4
24 29 5
24 31 4
24 32 3
24 33 2
24 34 1
24 35 2
24 36 3
24 37 4
24 40 6
24 44 2
24 45 3
24 46 4
24 48 6
24 50 7
24 51 6
24 52 5
24 53 4
24 54 3
24 55 4
24 56 5
24 57 6
24 58 7
24 59 8
24 60 8
24 61 7
24 62 6
24 63 5
24 64 4
24 66 6
24 67 7
24 68 8
24 69 9
24 70 9
24 71 8
24 72 7
24 73 6
24 74 5
24 75 6
24 77 8
24 78 9
24 80 10
24 81 9
24 82 8
24 84 6
24 85 7
24 87 9
24 88 10
24 89 11
24 90 11
24 91 10
24 92 9
24 93 8
24 95 8
24 96 9
24 97 10
24 98 11
24 99 12
26 27 1
26 28 2
26 29 3
26 31 6
26 32 5
26 33 4
26 34 3
26 35 2
26 36 1
26 37 2
26 40 8
26 44 4
26 45 3
26 46 2
26 48 4
26 50 9
26 51 8
26 52 7
26 53 6
26 54 5
26 55 4
26 56 3
26 57 4
26 58 5
26 59 6
26 60 10
26 61 9
26 62 8
26 63 7
26 64 6
26 66 4
26 67 5
26 68 6
26 69 7
26 70 11
26 71 10
26 72 9
26 73 8
26 74 7
26 75 6
26 77 6
26 78 7
26 80 12
26 81 11
26 82 10
26 84 8
26 85 7
26 87 7
26 88 8
26 89 9
26 90 13
26 91 12
26 92 11
26 93 10
26 95 8
26 96 7
26 97 8
26 98 9
26 99 10
27 28 1
27 29 2
27 31 7
27 32 6
27 33 5
27 34 4
27 35 3
27 36 2
27 37 1
27 40 9
27 44 5
27 45 4
27 46 3
27 48 3
27 50 10
27 51 9
27 52 8
27 53 7
27 54 6
27 55 5
27 56 4
27 57 3
27 58 4
27 59 5
27 60 11
27 61 10
27 62 9
27 63 8
27 64 7
27 66 5
27 67 4
27 68 5
27 69 6
27 70 12
27 71 11
27 72 10
27 73 9
27 74 8
27 75 7
27 77 5
27 78 6
27 80 13
27 81 12
27 82 11
27 84 9
27 85 8
27 87 6
27 88 7
27 89 8
27 90 14
27 91 13
27 92 12
27 93 11
27 95 9
27 96 8
27 97 7
27 98 8
27 99 9
28 29 1
28 31 8
28 32 7
28 33 6
28 34 5
28 35 4
28 36 3
28 37 2
28 40 10
28 44 6
28 45 5
28 46 4
28 48 2
28 50 11
28 51 10
28 52 9
28 53 8
28 54 7
28 55 6
28 56 5
28 57 4
28 58 3
28 59 4
28 60 12
28 61 11
28 62 10
28 63 9
28 64 8
28 66 6
28 67 5
28 68 4
28 69 5
28 70 13
28 71 12
28 72 11
28 73 10
28 74 9
28 75 8
28 77 6
28 78 5
28 80 14
28 81 13
28 82 12
28 84 10
28 85 9
28 87 7
28 88 6
28 89 7
28 90 15
28 91 14
28 92 13
28 93 12
28 95 10
28 96 9
28 97 8
28 98 7
28 99 8
29 31 9
29 32 8
29 33 7
29 34 6
29 35 5
29 36 4
29 37 3
29 40 11
29 44 7
29 45 6
29 46 5
29 48 3
29 50 12
29 51 11
29 52 10
29 53 9
29 54 8
29 55 7
29 56 6
29 57 5
29 58 4
29 59 3
29 60 13
29 61 12
29 62 11
29 63 10
29 64 9
29 66 7
29 67 6
29 68 5
29 69 4
29 70 14
29 71 13
29 72 12
29 73 11
29 74 10
29 75 9
29 77 7
29 78 6
29 80 15
29 81 14
29 82 13
29 84 11
29 85 10
29 87 8
29 88 7
29 89 6
29 90 16
29 91 15
29 92 14
29 93 13
29 95 11
29 96 10
29 97 9
29 98 8
29 99 7
31 32 1
31 33 2
31 34 3
31 35 4
31 36 5
31 37 6
31 40 2
31 44 4
31 45 5
31 46 6
31 48 8
31 50 3
31 51 2
31 52 3
31 53 4
31 54 5
31 55 6
31 56 7
31 57 8
31 58 9
31 59 10
31 60 4
31 61 3
31 62 4
31 63 5
31 64 6
31 66 8
31 67 9
31 68 10
31 69 11
31 70 5
31 71 4
31 72 5
31 73 6
31 74 7
31 75 8
31 77 10
31 78 11
31 80 6
31 81 5
31 82 6
31 84 8
31 85 9
31 87 11
31 88 12
31 89 13
31 90 7
31 91 6
31 92 7
31 93 8
31 95 10
31 96 11
31 97 12
31 98 13
31 99 14
32 33 1
32 34 2
32 35 3
32 36 4
32 37 5
32 40 3
32 44 3
32 45 4
32 46 5
32 48 7
32 50 4
32 51 3
32 52 2
32 53 3
32 54 4
32 55 5
32 56 6
32 57 7
32 58 8
32 59 9
32 60 5
32 61 4
32 62 3
32 63 4
32 64 5
32 66 7
32 67 8
32 68 9
32 69 10
32 70 6
32 71 5
32 72 4
32 73 5
32 74 6
32 75 7
32 77 9
32 78 10
32 80 7
32 81 6
32 82 5
32 84 7
32 85 8
32 87 10
32 88 11
32 89 12
32 90 8
32 91 7
32 92 6
32 93 7
32 95 9
32 96 10
32 97 11
32 98 12
32 99 13
33 34 1
33 35 2
33 36 3
33 37 4
33 40 4
33 44 2
33 45 3
33 46 4
33 48 6
33 50 5
33 51 4
33 52 3
33 53 2
33 54 3
33 55 4
33 56 5
33 57 6
33 58 7
33 59 8
33 60 6
33 61 5
33 62 4
33 63 3
33 64 4
33 66 6
33 67 7
33 68 8
33 69 9
33 70 7
33 71 6
33 72 5
33 73 4
33 74 5
33 75 6
33 77 8
33 78 9
33 80 8
33 81 7
33 82 6
33 84 6
33 85 7
33 87 9
33 88 10
33 89 11
33 90 9
33 91 8
33 92 7
33 93 6
33 95 8
33 96 9
33 97 10
33 98 11
33 99 12
34 35 1
34 36 2
34 37 3
34 40 5
34 44 1
34 45 2
34 46 3
34 48 5
34 50 6
34 51 5
34 52 4
34 53 3
34 54 2
34 55 3
34 56 4
34 57 5
34 58 6
34 59 7
34 60 7
34 61 6
34 62 5
34 63 4
34 64 3
34 66 5
34 67 6
34 68 7
34 69 8
34 70 8
34 71 7
34 72 6
34 73 5
34 74 4
34 75 5
34 77 7
34 78 8
34 80 9
34 81 8
34 82 7
34 84 5
34 85 6
34 87 8
34 88 9
34 89 10
34 90 10
34 91 9
34 92 8
34 93 7
34 95 7
34 96 8
34 97 9
34 98 10
34 99 11
35 36 1
35 37 2
35 40 6
35 44 2
35 45 1
35 46 2
35 48 4
35 50 7
35 51 6
35 52 5
35 53 4
35 54 3
35 55 2
35 56 3
35 57 4
35 58 5
35 59 6
35 60 8
35 61 7
35 62 6
35 63 5
35 64 4
35 66 4
35 67 5
35 68 6
35 69 7
35 70 9
35 71 8
35 72 7
35 73 6
35 74 5
35 75 4
35 77 6
35 78 7
35 80 10
35 81 9
35 82 8
35 84 6
35 85 5
35 87 7
35 88 8
35 89 9
35 90 11
35 91 10
35 92 9
35 93 8
35 95 6
35 96 7
35 97 8
35 98 9
35 99 10
36 37 1
36 40 7
36 44 3
36 45 2
36 46 1
36 48 3
36 50 8
36 51 7
36 52 6
36 53 5
36 54 4
36 55 3
36 56 2
36 57 3
36 58 4
36 59 5
36 60 9
36 61 8
36 62 7
36 63 6
36 64 5
36 66 3
36 67 4
36 68 5
36 69 6
36 70 10
36 71 9
36 72 8
36 73 7
36 74 6
36 75 5
36 77 5
36 78 6
36 80 11
36 81 10
36 82 9
36 84 7
36 85 6
36 87 6
36 88 7
36 89 8
36 90 12
36 91 11
36 92 10
36 93 9
36 95 7
36 96 6
36 97 7
36 98 8
36 99 9
37 40 8
37 44 4
37 45 3
37 46 2
37 48 2
37 50 9
37 51 8
37 52 7
37 53 6
37 54 5
37 55 4
37 56 3
37 57 2
37 58 3
37 59 4
37 60 10
37 61 9
37 62 8
37 63 7
37 64 6
37 66 4
37 67 3
37 68 4
37 69 5
37 70 11
37 71 10
37 72 9
37 73 8
37 74 7
37 75 6
37 77 4
37 78 5
37 80 12
37 81 11
37 82 10
37 84 8
37 85 7
37 87 5
37 88 6
37 89 7
37 90 13
37 91 12
37 92 11
37 93 10
37 95 8
37 96 7
37 97 6
37 98 7
37 99 8
40 44 4
40 45 5
40 46 6
40 48 8
40 50 1
40 51 2
40 52 3
40 53 4
40 54 5
40 55 6
40 56 7
40 57 8
40 58 9
40 59 10
40 60 2
40 61 3
40 62 4
40 63 5
40 64 6
40 66 8
40 67 9
40 68 10
40 69 11
40 70 3
40 71 4
40 72 5
40 73 6
40 74 7
40 75 8
40 77 10
40 78 11
40 80 4
40 81 5
40 82 6
40 84 8
40 85 9
40 87 11
40 88 12
40 89 13
40 90 5
40 91 6
40 92 7
40 93 8
40 95 10
40 96 11
40 97 12
40 98 13
40 99 14
44 45 1
44 46 2
44 48 4
44 50 5
44 51 4
44 52 3
44 53 2
44 54 1
44 55 2
44 56 3
44 57 4
44 58 5
44 59 6
44 60 6
44 61 5
44 62 4
44 63 3
44 64 2
44 66 4
44 67 5
44 68 6
44 69 7
44 70 7
44 71 6
44 72 5
44 73 4
44 74 3
44 75 4
44 77 6
44 78 7
44 80 8
44 81 7
44 82 6
44 84 4
44 85 5
44 87 7
44 88 8
44 89 9
44 90 9
44 91 8
44 92 7
44 93 6
44 95 6
44 96 7
44 97 8
44 98 9
44 99 10
45 46 1
45 48 3
45 50 6
45 51 5
45 52 4
45 53 3
45 54 2
45 55 1
45 56 2
45 57 3
45 58 4
45 59 5
45 60 7
45 61 6
45 62 5
45 63 4
45 64 3
45 66 3
45 67 4
45 68 5
45 69 6
45 70 8
45 71 7
45 72 6
45 73 5
45 74 4
45 75 3
45 77 5
45 78 6
45 80 9
45 81 8
45 82 7
45 84 5
45 85 4
45 87 6
45 88 7
45 89 8
45 90 10
45 91 9
45 92 8
45 93 7
45 95 5
45 96 6
45 97 7
45 98 8
45 99 9
46 48 2
46 50 7
46 51 6
46 52 5
46 53 4
46 54 3
46 55 2
46 56 1
46 57 2
46 58 3
46 59 4
46 60 8
46 61 7
46 62 6
46 63 5
46 64 4
46 66 2
46 67 3
46 68 4
46 69 5
46 70 9
46 71 8
46 72 7
46 73 6
46 74 5
46 75 4
46 77 4
46 78 5
46 80 10
46 81 9
46 82 8
46 84 6
46 85 5
46 87 5
46 88 6
46 89 7
46 90 11
46 91 10
46 92 9
46 93 8
46 95 6
46 96 5
46 97 6
46 98 7
46 99 8
48 50 9
48 51 8
48 52 7
48 53 6
48 54 5
48 55 4
48 56 3
48 57 2
48 58 1
48 59 2
48 60 10
48 61 9
48 62 8
48 63 7
48 64 6
48 66 4
48 67 3
48 68 2
48 69 3
48 70 11
48 71 10
48 72 9
48 73 8
48 74 7
48 75 6
48 77 4
48 78 3
48 80 12
48 81 11
48 82 10
48 84 8
48 85 7
48 87 5
48 88 4
48 89 5
48 90 13
48 91 12
48 92 11
48 93 10
48 95 8
48 96 7
48 97 6
48 98 5
48 99 6
50 51 1
50 52 2
50 53 3
50 54 4
50 55 5
50 56 6
50 57 7
50 58 8
50 59 9
50 60 1
50 61 2
50 62 3
50 63 4
50 64 5
50 66 7
50 67 8
50 68 9
50 69 10
50 70 2
50 71 3
50 72 4
50 73 5
50 74 6
50 75 7
50 77 9
50 78 10
50 80 3
50 81 4
50 82 5
50 84 7
50 85 8
50 87 10
50 88 11
50 89 12
50 90 4
50 91 5
50 92 6
50 93 7
50 95 9
50 96 10
50 97 11
50 98 12
50 99 13
51 52 1
51 53 2
51 54 3
51 55 4
51 56 5
51 57 6
51 58 7
51 59 8
51 60 2
51 61 1
51 62 2
51 63 3
51 64 4
51 66 6
51 67 7
51 68 8
51 69 9
51 70 3
51 71 2
51 72 3
51 73 4
51 74 5
51 75 6
51 77 8
51 78 9
51 80 4
51 81 3
51 82 4
51 84 6
51 85 7
51 87 9
51 88 10
51 89 11
51 90 5
51 91 4
51 92 5
51 93 6
51 95 8
51 96 9
51 97 10
51 98 11
51 99 12
52 53 1
52 54 2
52 55 3
52 56 4
52 57 5
52 58 6
52 59 7
52 60 3
52 61 2
52 62 1
52 63 2
52 64 3
52 66 5
52 67 6
52 68 7
52 69 8
52 70 4
52 71 3
52 72 2
52 73 3
52 74 4
52 75 5
52 77 7
52 78 8
52 80 5
52 81 4
52 82 3
52 84 5
52 85 6
52 87 8
52 88 9
52 89 10
52 90 6
52 91 5
52 92 4
52 93 5
52 95 7
52 96 8
52 97 9
52 98 10
52 99 11
53 54 1
53 55 2
53 56 3
53 57 4
53 58 5
53 59 6
53 60 4
53 61 3
53 62 2
53 63 1
53 64 2
53 66 4
53 67 5
53 68 6
53 69 7
53 70 5
53 71 4
53 72 3
53 73 2
53 74 3
53 75 4
53 77 6
53 78 7
53 80 6
53 81 5
53 82 4
53 84 4
53 85 5
53 87 7
53 88 8
53 89 9
53 90 7
53 91 6
53 92 5
53 93 4
53 95 6
53 96 7
53 97 8
53 98 9
53 99 10
54 55 1
54 56 2
54 57 3
54 58 4
54 59 5
54 60 5
54 61 4
54 62 3
54 63 2
54 64 1
54 66 3
54 67 4
54 68 5
54 69 6
54 70 6
54 71 5
54 72 4
54 73 3
54 74 2
54 75 3
54 77 5
54 78 6
54 80 7
54 81 6
54 82 5
54 84 3
54 85 4
54 87 6
54 88 7
54 89 8
54 90 8
54 91 7
54 92 6
54 93 5
54 95 5
54 96 6
54 97 7
54 98 8
54 99 9
55 56 1
55 57 2
55 58 3
55 59 4
55 60 6
55 61 5
55 62 4
55 63 3
55 64 2
55 66 2
55 67 3
55 68 4
55 69 5
55 70 7
55 71 6
55 72 5
55 73 4
55 74 3
55 75 2
55 77 4
55 78 5
55 80 8
55 81 7
55 82 6
55 84 4
55 85 3
55 87 5
55 88 6
55 89 7
55 90 9
55 91 8
55 92 7
55 93 6
55 95 4
55 96 5
55 97 6
55 98 7
55 99 8
56 57 1
56 58 2
56 59 3
56 60 7
56 61 6
56 62 5
56 63 4
56 64 3
56 66 1
56 67 2
56 68 3
56 69 4
56 70 8
56 71 7
56 72 6
56 73 5
56 74 4
56 75 3
56 77 3
56 78 4
56 80 9
56 81 8
56 82 7
56 84 5
56 85 4
56 87 4
56 88 5
56 89 6
56 90 10
56 91 9
56 92 8
56 93 7
56 95 5
56 96 4
56 97 5
56 98 6
56 99 7
57 58 1
57 59 2
57 60 8
57 61 7
57 62 6
57 63 5
57 64 4
57 66 2
57 67 1
57 68 2
57 69 3
57 70 9
57 71 8
57 72 7
57 73 6
57 74 5
57 75 4
57 77 2
57 78 3
57 80 10
57 81 9
57 82 8
57 84 6
57 85 5
57 87 3
57 88 4
57 89 5
57 90 11
57 91 10
57 92 9
57 93 8
57 95 6
57 96 5
57 97 4
57 98 5
57 99 6
58 59 1
58 60 9
58 61 8
58 62 7
58 63 6
58 64 5
58 66 3
58 67 2
58 68 1
58 69 2
58 70 10
58 71 9
58 72 8
58 73 7
58 74 6
58 75 5
58 77 3
58 78 2
58 80 11
58 81 10
58 82 9
58 84 7
58 85 6
58 87 4
58 88 3
58 89 4
58 90 12
58 91 11
58 92 10
58 93 9
58 95 7
58 96 6
58 97 5
58 98 4
58 99 5
59 60 10
59 61 9
59 62 8
59 63 7
59 64 6
59 66 4
59 67 3
59 68 2
59 69 1
59 70 11
59 71 10
59 72 9
59 73 8
59 74 7
59 75 6
59 77 4
59 78 3
59 80 12
59 81 11
59 82 10
59 84 8
59 85 7
59 87 5
59 88 4
59 89 3
59 90 13
59 91 12
59 92 11
59 93 10
59 95 8
59 96 7
59 97 6
59 98 5
59 99 4
60 61 1
60 62 2
60 63 3
60 64 4
60 66 6
60 67 7
60 68 8
60 69 9
60 70 1
60 71 2
60 72 3
60 73 4
60 74 5
60 75 6
60 77 8
60 78 9
60 80 2
60 81 3
60 82 4
60 84 6
60 85 7
60 87 9
60 88 10
60 89 11
60 90 3
60 91 4
60 92 5
60 93 6
60 95 8
60 96 9
60 97 10
60 98 11
60 99 12
61 62 1
61 63 2
61 64 3
61 66 5
61 67 6
61 68 7
61 69 8
61 70 2
61 71 1
61 72 2
61 73 3
61 74 4
61 75 5
61 77 7
61 78 8
61 80 3
61 81 2
61 82 3
61 84 5
61 85 6
61 87 8
61 88 9
61 89 10
61 90 4
61 91 3
61 92 4
61 93 5
61 95 7
61 96 8
61 97 9
61 98 10
61 99 11
62 63 1
62 64 2
62 66 4
62 67 5
62 68 6
62 69 7
62 70 3
62 71 2
62 72 1
62 73 2
62 74 3
62 75 4
62 77 6
62 78 7
62 80 4
62 81 3
62 82 2
62 84 4
62 85 5
62 87 7
62 88 8
62 89 9
62 90 5
62 91 4
62 92 3
62 93 4
62 95 6
62 96 7
62 97 8
62 98 9
62 99 10
63 64 1
63 66 3
63 67 4
63 68 5
63 69 6
63 70 4
63 71 3
63 72 2
63 73 1
63 74 2
63 75 3
63 77 5
63 78 6
63 80 5
63 81 4
63 82 3
63 84 3
63 85 4
63 87 6
63 88 7
63 89 8
63 90 6
63 91 5
63 92 4
63 93 3
63 95 5
63 96 6
63 97 7
63 98 8
63 99 9
64 66 2
64 67 3
64 68 4
64 69 5
64 70 5
64 71 4
64 72 3
64 73 2
64 74 1
64 75 2
64 77 4
64 78 5
64 80 6
64 81 5
64 82 4
64 84 2
64 85 3
64 87 5
64 88 6
64 89 7
64 90 7
64 91 6
64 92 5
64 93 4
64 95 4
64 96 5
64 97 6
64 98 7
64 99 8
66 67 1
66 68 2
66 69 3
66 70 7
66 71 6
66 72 5
66 73 4
66 74 3
66 75 2
66 77 2
66 78 3
66 80 8
66 81 7
66 82 6
66 84 4
66 85 3
66 87 3
66 88 4
66 89 5
66 90 9
66 91 8
66 92 7
66 93 6
66 95 4
66 96 3
66 97 4
66 98 5
66 99 6
67 68 1
67 69 2
67 70 8
67 71 7
67 72 6
67 73 5
67 74 4
67 75 3
67 77 1
67 78 2
67 80 9
67 81 8
67 82 7
67 84 5
67 85 4
67 87 2
67 88 3
67 89 4
67 90 10
67 91 9
67 92 8
67 93 7
67 95 5
67 96 4
67 97 3
67 98 4
67 99 5
68 69 1
68 70 9
68 71 8
68 72 7
68 73 6
68 74 5
68 75 4
68 77 2
68 78 1
68 80 10
68 81 9
68 82 8
68 84 6
68 85 5
68 87 3
68 88 2
68 89 3
68 90 11
68 91 10
68 92 9
68 93 8
68 95 6
68 96 5
68 97 4
68 98 3
68 99 4
69 70 10
69 71 9
69 72 8
69 73 7
69 74 6
69 75 5
69 77 3
69 78 2
69 80 11
69 81 10
69 82 9
69 84 7
69 85 6
69 87 4
69 88 3
69 89 2
69 90 12
69 91 11
69 92 10
69 93 9
69 95 7
69 96 6
69 97 5
69 98 4
69 99 3
70 71 1
70 72 2
70 73 3
70 74 4
70 75 5
70 77 7
70 78 8
70 80 1
70 81 2
70 82 3
70 84 5
70 85 6
70 87 8
70 88 9
70 89 10
70 90 2
70 91 3
70 92 4
70 93 5
70 95 7
70 96 8
70 97 9
70 98 10
70 99 11
71 72 1
71 73 2
71 74 3
71 75 4
71 77 6
71 78 7
71 80 2
71 81 1
71 82 2
71 84 4
71 85 5
71 87 7
71 88 8
71 89 9
71 90 3
71 91 2
71 92 3
71 93 4
71 95 6
71 96 7
71 97 8
71 98 9
71 99 10
72 73 1
72 74 2
72 75 3
72 77 5
72 78 6
72 80 3
72 81 2
72 82 1
72 84 3
72 85 4
72 87 6
72 88 7
72 89 8
72 90 4
72 91 3
72 92 2
72 93 3
72 95 5
72 96 6
72 97 7
72 98 8
72 99 9
73 74 1
73 75 2
73 77 4
73 78 5
73 80 4
73 81 3
73 82 2
73 84 2
73 85 3
73 87 5
73 88 6
73 89 7
73 90 5
73 91 4
73 92 3
73 93 2
73 95 4
73 96 5
73 97 6
73 98 7
73 99 8
74 75 1
74 77 3
74 78 4
74 80 5
74 81 4
74 82 3
74 84 1
74 85 2
74 87 4
74 88 5
74 89 6
74 90 6
74 91 5
74 92 4
74 93 3
74 95 3
74 96 4
74 97 5
74 98 6
74 99 7
75 77 2
75 78 3
75 80 6
75 81 5
75 82 4
75 84 2
75 85 1
75 87 3
75 88 4
75 89 5
75 90 7
75 91 6
75 92 5
75 93 4
75 95 2
75 96 3
75 97 4
75 98 5
75 99 6
77 78 1
77 80 8
77 81 7
77 82 6
77 84 4
77 85 3
77 87 1
77 88 2
77 89 3
77 90 9
77 91 8
77 92 7
77 93 6
77 95 4
77 96 3
77 97 2
77 98 3
77 99 4
78 80 9
78 81 8
78 82 7
78 84 5
78 85 4
78 87 2
78 88 1
78 89 2
78 90 10
78 91 9
78 92 8
78 93 7
78 95 5
78 96 4
78 97 3
78 98 2
78 99 3
80 81 1
80 82 2
80 84 4
80 85 5
80 87 7
80 88 8
80 89 9
80 90 1
80 91 2
80 92 3
80 93 4
80 95 6
80 96 7
80 97 8
80 98 9
80 99 10
81 82 1
81 84 3
81 85 4
81 87 6
81 88 7
81 89 8
81 90 2
81 91 1
81 92 2
81 93 3
81 95 5
81 96 6
81 97 7
81 98 8
81 99 9
82 84 2
82 85 3
82 87 5
82 88 6
82 89 7
82 90 3
82 91 2
82 92 1
82 93 2
82 95 4
82 96 5
82 97 6
82 98 7
82 99 8
84 85 1
84 87 3
84 88 4
84 89 5
84 90 5
84 91 4
84 92 3
84 93 2
84 95 2
84 96 3
84 97 4
84 98 5
84 99 6
85 87 2
85 88 3
85 89 4
85 90 6
85 91 5
85 92 4
85 93 3
85 95 1
85 96 2
85 97 3
85 98 4
85 99 5
87 88 1
87 89 2
87 90 8
87 91 7
87 92 6
87 93 5
87 95 3
87 96 2
87 97 1
87 98 2
87 99 3
88 89 1
88 90 9
88 91 8
88 92 7
88 93 6
88 95 4
88 96 3
88 97 2
88 98 1
88 99 2
89 90 10
89 91 9
89 92 8
89 93 7
89 95 5
89 96 4
89 97 3
89 98 2
89 99 1
90 91 1
90 92 2
90 93 3
90 95 5
90 96 6
90 97 7
90 98 8
90 99 9
91 92 1
91 93 2
91 95 4
91 96 5
91 97 6
91 98 7
91 99 8
92 93 1
92 95 3
92 96 4
92 97 5
92 98 6
92 99 7
93 95 2
93 96 3
93 97 4
93 98 5
93 99 6
95 96 1
95 97 2
95 98 3
95 99 4
96 97 1
96 98 2
96 99 3
97 98 1
97 99 2
98 99 1
0 1 2
0 2 0
0 3 4
0 4 3
0 5 1
0 6 4
0 7 1
0 8 3
0 9 2
0 10 1
0 11 0
0 12 4
0 13 3
0 14 0
0 15 4
0 16 2
0 17 1
0 18 4
0 19 0
1 2 2
1 3 4
1 4 2
1 5 0
1 6 4
1 7 0
1 8 4
1 9 1
1 10 0
1 11 2
1 12 0
1 13 3
1 14 4
1 15 0
1 16 3
1 17 3
1 18 2
1 19 2
2 3 4
2 4 1
2 5 4
2 6 0
2 7 1
2 8 3
2 9 4
2 10 2
2 11 3
2 12 1
2 13 4
2 14 3
2 15 2
2 16 1
2 17 2
2 18 0
2 19 2
3 4 2
3 5 0
3 6 1
3 7 3
3 8 1
3 9 4
3 10 4
3 11 4
3 12 4
3 13 0
3 14 2
3 15 2
3 16 2
3 17 4
3 18 1
3 19 3
4 5 4
4 6 2
4 7 0
4 8 3
4 9 1
4 10 2
4 11 1
4 12 3
4 13 1
4 14 0
4 15 0
4 16 3
4 17 2
4 18 1
4 19 0
5 6 4
5 7 1
5 8 2
5 9 2
5 10 2
5 11 1
5 12 1
5 13 2
5 14 0
5 15 1
5 16 4
5 17 3
5 18 4
5 19 4
6 7 4
6 8 2
6 9 4
6 10 2
6 11 2
6 12 2
6 13 4
6 14 0
6 15 4
6 16 2
6 17 2
6 18 4
6 19 3
7 8 1
7 9 2
7 10 4
7 11 1
7 12 1
7 13 0
7 14 4
7 15 4
7 16 3
7 17 0
7 18 1
7 19 0
8 9 1
8 10 3
8 11 0
8 12 4
8 13 2
8 14 0
8 15 4
8 16 0
8 17 4
8 18 2
8 19 3
9 10 2
9 11 1
9 12 3
9 13 1
9 14 3
9 15 1
9 16 1
9 17 1
9 18 2
9 19 3
10 11 1
10 12 3
10 13 4
10 14 2
10 15 3
10 16 4
10 17 0
10 18 3
10 19 0
11 12 1
11 13 0
11 14 3
11 15 2
11 16 4
11 17 0
11 18 2
11 19 4
12 13 0
12 14 2
12 15 1
12 16 3
12 17 4
12 18 2
12 19 2
13 14 0
13 15 1
13 16 3
13 17 1
13 18 3
13 19 0
14 15 4
14 16 4
14 17 4
14 18 4
14 19 1
15 16 2
15 17 3
15 18 2
15 19 1
16 17 4
16 18 3
16 19 1
17 18 2
17 19 0
18 19 1
