80 20
0 1 1
0 2 2
0 4 4
0 5 5
0 6 6
0 7 7
0 8 8
0 10 1
0 11 2
0 12 3
0 13 4
0 14 5
0 15 6
0 16 7
0 17 8
0 18 9
0 19 10
0 20 2
0 21 3
0 22 4
0 24 6
0 25 7
0 26 8
0 27 9
0 29 11
0 30 3
0 31 4
0 32 5
0 33 6
0 34 7
0 35 8
0 37 10
0 38 11
0 39 12
0 40 4
0 41 5
0 42 6
0 43 7
0 44 8
0 46 10
0 47 11
0 48 12
0 49 13
0 50 5
0 52 7
0 54 9
0 55 10
0 56 11
0 57 12
0 60 6
0 61 7
0 63 9
0 65 11
0 67 13
0 68 14
0 69 15
0 71 8
0 72 9
0 73 10
0 74 11
0 76 13
0 78 15
0 80 8
0 82 10
0 83 11
0 84 12
0 85 13
0 86 14
0 88 16
0 89 17
0 90 9
0 91 10
0 92 11
0 94 13
0 95 14
0 96 15
0 97 16
0 98 17
0 99 18
1 2 1
1 4 3
1 5 4
1 6 5
1 7 6
1 8 7
1 10 2
1 11 1
1 12 2
1 13 3
1 14 4
1 15 5
1 16 6
1 17 7
1 18 8
1 19 9
1 20 3
1 21 2
1 22 3
1 24 5
1 25 6
1 26 7
1 27 8
1 29 10
1 30 4
1 31 3
1 32 4
1 33 5
1 34 6
1 35 7
1 37 9
1 38 10
1 39 11
1 40 5
1 41 4
1 42 5
1 43 6
1 44 7
1 46 9
1 47 10
1 48 11
1 49 12
1 50 6
1 52 6
1 54 8
1 55 9
1 56 10
1 57 11
1 60 7
1 61 6
1 63 8
1 65 10
1 67 12
1 68 13
1 69 14
1 71 7
1 72 8
1 73 9
1 74 10
1 76 12
1 78 14
1 80 9
1 82 9
1 83 10
1 84 11
1 85 12
1 86 13
1 88 15
1 89 16
1 90 10
1 91 9
1 92 10
1 94 12
1 95 13
1 96 14
1 97 15
1 98 16
1 99 17
2 4 2
2 5 3
2 6 4
2 7 5
2 8 6
2 10 3
2 11 2
2 12 1
2 13 2
2 14 3
2 15 4
2 16 5
2 17 6
2 18 7
2 19 8
2 20 4
2 21 3
2 22 2
2 24 4
2 25 5
2 26 6
2 27 7
2 29 9
2 30 5
2 31 4
2 32 3
2 33 4
2 34 5
2 35 6
2 37 8
2 38 9
2 39 10
2 40 6
2 41 5
2 42 4
2 43 5
2 44 6
2 46 8
2 47 9
2 48 10
2 49 11
2 50 7
2 52 5
2 54 7
2 55 8
2 56 9
2 57 10
2 60 8
2 61 7
2 63 7
2 65 9
2 67 11
2 68 12
2 69 13
2 71 8
2 72 7
2 73 8
2 74 9
2 76 11
2 78 13
2 80 10
2 82 8
2 83 9
2 84 10
2 85 11
2 86 12
2 88 14
2 89 15
2 90 11
2 91 10
2 92 9
2 94 11
2 95 12
2 96 13
2 97 14
2 98 15
2 99 16
4 5 1
4 6 2
4 7 3
4 8 4
4 10 5
4 11 4
4 12 3
4 13 2
4 14 1
4 15 2
4 16 3
4 17 4
4 18 5
4 19 6
4 20 6
4 21 5
4 22 4
4 24 2
4 25 3
4 26 4
4 27 5
4 29 7
4 30 7
4 31 6
4 32 5
4 33 4
4 34 3
4 35 4
4 37 6
4 38 7
4 39 8
4 40 8
4 41 7
4 42 6
4 43 5
4 44 4
4 46 6
4 47 7
4 48 8
4 49 9
4 50 9
4 52 7
4 54 5
4 55 6
4 56 7
4 57 8
4 60 10
4 61 9
4 63 7
4 65 7
4 67 9
4 68 10
4 69 11
4 71 10
4 72 9
4 73 8
4 74 7
4 76 9
4 78 11
4 80 12
4 82 10
4 83 9
4 84 8
4 85 9
4 86 10
4 88 12
4 89 13
4 90 13
4 91 12
4 92 11
4 94 9
4 95 10
4 96 11
4 97 12
4 98 13
4 99 14
5 6 1
5 7 2
5 8 3
5 10 6
5 11 5
5 12 4
5 13 3
5 14 2
5 15 1
5 16 2
5 17 3
5 18 4
5 19 5
5 20 7
5 21 6
5 22 5
5 24 3
5 25 2
5 26 3
5 27 4
5 29 6
5 30 8
5 31 7
5 32 6
5 33 5
5 34 4
5 35 3
5 37 5
5 38 6
5 39 7
5 40 9
5 41 8
5 42 7
5 43 6
5 44 5
5 46 5
5 47 6
5 48 7
5 49 8
5 50 10
5 52 8
5 54 6
5 55 5
5 56 6
5 57 7
5 60 11
5 61 10
5 63 8
5 65 6
5 67 8
5 68 9
5 69 10
5 71 11
5 72 10
5 73 9
5 74 8
5 76 8
5 78 10
5 80 13
5 82 11
5 83 10
5 84 9
5 85 8
5 86 9
5 88 11
5 89 12
5 90 14
5 91 13
5 92 12
5 94 10
5 95 9
5 96 10
5 97 11
5 98 12
5 99 13
6 7 1
6 8 2
6 10 7
6 11 6
6 12 5
6 13 4
6 14 3
6 15 2
6 16 1
6 17 2
6 18 3
6 19 4
6 20 8
6 21 7
6 22 6
6 24 4
6 25 3
6 26 2
6 27 3
6 29 5
6 30 9
6 31 8
6 32 7
6 33 6
6 34 5
6 35 4
6 37 4
6 38 5
6 39 6
6 40 10
6 41 9
6 42 8
6 43 7
6 44 6
6 46 4
6 47 5
6 48 6
6 49 7
6 50 11
6 52 9
6 54 7
6 55 6
6 56 5
6 57 6
6 60 12
6 61 11
6 63 9
6 65 7
6 67 7
6 68 8
6 69 9
6 71 12
6 72 11
6 73 10
6 74 9
6 76 7
6 78 9
6 80 14
6 82 12
6 83 11
6 84 10
6 85 9
6 86 8
6 88 10
6 89 11
6 90 15
6 91 14
6 92 13
6 94 11
6 95 10
6 96 9
6 97 10
6 98 11
6 99 12
7 8 1
7 10 8
7 11 7
7 12 6
7 13 5
7 14 4
7 15 3
7 16 2
7 17 1
7 18 2
7 19 3
7 20 9
7 21 8
7 22 7
7 24 5
7 25 4
7 26 3
7 27 2
7 29 4
7 30 10
7 31 9
7 32 8
7 33 7
7 34 6
7 35 5
7 37 3
7 38 4
7 39 5
7 40 11
7 41 10
7 42 9
7 43 8
7 44 7
7 46 5
7 47 4
7 48 5
7 49 6
7 50 12
7 52 10
7 54 8
7 55 7
7 56 6
7 57 5
7 60 13
7 61 12
7 63 10
7 65 8
7 67 6
7 68 7
7 69 8
7 71 13
7 72 12
7 73 11
7 74 10
7 76 8
7 78 8
7 80 15
7 82 13
7 83 12
7 84 11
7 85 10
7 86 9
7 88 9
7 89 10
7 90 16
7 91 15
7 92 14
7 94 12
7 95 11
7 96 10
7 97 9
7 98 10
7 99 11
8 10 9
8 11 8
8 12 7
8 13 6
8 14 5
8 15 4
8 16 3
8 17 2
8 18 1
8 19 2
8 20 10
8 21 9
8 22 8
8 24 6
8 25 5
8 26 4
8 27 3
8 29 3
8 30 11
8 31 10
8 32 9
8 33 8
8 34 7
8 35 6
8 37 4
8 38 3
8 39 4
8 40 12
8 41 11
8 42 10
8 43 9
8 44 8
8 46 6
8 47 5
8 48 4
8 49 5
8 50 13
8 52 11
8 54 9
8 55 8
8 56 7
8 57 6
8 60 14
8 61 13
8 63 11
8 65 9
8 67 7
8 68 6
8 69 7
8 71 14
8 72 13
8 73 12
8 74 11
8 76 9
8 78 7
8 80 16
8 82 14
8 83 13
8 84 12
8 85 11
8 86 10
8 88 8
8 89 9
8 90 17
8 91 16
8 92 15
8 94 13
8 95 12
8 96 11
8 97 10
8 98 9
8 99 10
10 11 1
10 12 2
10 13 3
10 14 4
10 15 5
10 16 6
10 17 7
10 18 8
10 19 9
10 20 1
10 21 2
10 22 3
10 24 5
10 25 6
10 26 7
10 27 8
10 29 10
10 30 2
10 31 3
10 32 4
10 33 5
10 34 6
10 35 7
10 37 9
10 38 10
10 39 11
10 40 3
10 41 4
10 42 5
10 43 6
10 44 7
10 46 9
10 47 10
10 48 11
10 49 12
10 50 4
10 52 6
10 54 8
10 55 9
10 56 10
10 57 11
10 60 5
10 61 6
10 63 8
10 65 10
10 67 12
10 68 13
10 69 14
10 71 7
10 72 8
10 73 9
10 74 10
10 76 12
10 78 14
10 80 7
10 82 9
10 83 10
10 84 11
10 85 12
10 86 13
10 88 15
10 89 16
10 90 8
10 91 9
10 92 10
10 94 12
10 95 13
10 96 14
10 97 15
10 98 16
10 99 17
11 12 1
11 13 2
11 14 3
11 15 4
11 16 5
11 17 6
11 18 7
11 19 8
11 20 2
11 21 1
11 22 2
11 24 4
11 25 5
11 26 6
11 27 7
11 29 9
11 30 3
11 31 2
11 32 3
11 33 4
11 34 5
11 35 6
11 37 8
11 38 9
11 39 10
11 40 4
11 41 3
11 42 4
11 43 5
11 44 6
11 46 8
11 47 9
11 48 10
11 49 11
11 50 5
11 52 5
11 54 7
11 55 8
11 56 9
11 57 10
11 60 6
11 61 5
11 63 7
11 65 9
11 67 11
11 68 12
11 69 13
11 71 6
11 72 7
11 73 8
11 74 9
11 76 11
11 78 13
11 80 8
11 82 8
11 83 9
11 84 10
11 85 11
11 86 12
11 88 14
11 89 15
11 90 9
11 91 8
11 92 9
11 94 11
11 95 12
11 96 13
11 97 14
11 98 15
11 99 16
12 13 1
12 14 2
12 15 3
12 16 4
12 17 5
12 18 6
12 19 7
12 20 3
12 21 2
12 22 1
12 24 3
12 25 4
12 26 5
12 27 6
12 29 8
12 30 4
12 31 3
12 32 2
12 33 3
12 34 4
12 35 5
12 37 7
12 38 8
12 39 9
12 40 5
12 41 4
12 42 3
12 43 4
12 44 5
12 46 7
12 47 8
12 48 9
12 49 10
12 50 6
12 52 4
12 54 6
12 55 7
12 56 8
12 57 9
12 60 7
12 61 6
12 63 6
12 65 8
12 67 10
12 68 11
12 69 12
12 71 7
12 72 6
12 73 7
12 74 8
12 76 10
12 78 12
12 80 9
12 82 7
12 83 8
12 84 9
12 85 10
12 86 11
12 88 13
12 89 14
12 90 10
12 91 9
12 92 8
12 94 10
12 95 11
12 96 12
12 97 13
12 98 14
12 99 15
13 14 1
13 15 2
13 16 3
13 17 4
13 18 5
13 19 6
13 20 4
13 21 3
13 22 2
13 24 2
13 25 3
13 26 4
13 27 5
13 29 7
13 30 5
13 31 4
13 32 3
13 33 2
13 34 3
13 35 4
13 37 6
13 38 7
13 39 8
13 40 6
13 41 5
13 42 4
13 43 3
13 44 4
13 46 6
13 47 7
13 48 8
13 49 9
13 50 7
13 52 5
13 54 5
13 55 6
13 56 7
13 57 8
13 60 8
13 61 7
13 63 5
13 65 7
13 67 9
13 68 10
13 69 11
13 71 8
13 72 7
13 73 6
13 74 7
13 76 9
13 78 11
13 80 10
13 82 8
13 83 7
13 84 8
13 85 9
13 86 10
13 88 12
13 89 13
13 90 11
13 91 10
13 92 9
13 94 9
13 95 10
13 96 11
13 97 12
13 98 13
13 99 14
14 15 1
14 16 2
14 17 3
14 18 4
14 19 5
14 20 5
14 21 4
14 22 3
14 24 1
14 25 2
14 26 3
14 27 4
14 29 6
14 30 6
14 31 5
14 32 4
14 33 3
14 34 2
14 35 3
14 37 5
14 38 6
14 39 7
14 40 7
14 41 6
14 42 5
14 43 4
14 44 3
14 46 5
14 47 6
14 48 7
14 49 8
14 50 8
14 52 6
14 54 4
14 55 5
14 56 6
14 57 7
14 60 9
14 61 8
14 63 6
14 65 6
14 67 8
14 68 9
14 69 10
14 71 9
14 72 8
14 73 7
14 74 6
14 76 8
14 78 10
14 80 11
14 82 9
14 83 8
14 84 7
14 85 8
14 86 9
14 88 11
14 89 12
14 90 12
14 91 11
14 92 10
14 94 8
14 95 9
14 96 10
14 97 11
14 98 12
14 99 13
15 16 1
15 17 2
15 18 3
15 19 4
15 20 6
15 21 5
15 22 4
15 24 2
15 25 1
15 26 2
15 27 3
15 29 5
15 30 7
15 31 6
15 32 5
15 33 4
15 34 3
15 35 2
15 37 4
15 38 5
15 39 6
15 40 8
15 41 7
15 42 6
15 43 5
15 44 4
15 46 4
15 47 5
15 48 6
15 49 7
15 50 9
15 52 7
15 54 5
15 55 4
15 56 5
15 57 6
15 60 10
15 61 9
15 63 7
15 65 5
15 67 7
15 68 8
15 69 9
15 71 10
15 72 9
15 73 8
15 74 7
15 76 7
15 78 9
15 80 12
15 82 10
15 83 9
15 84 8
15 85 7
15 86 8
15 88 10
15 89 11
15 90 13
15 91 12
15 92 11
15 94 9
15 95 8
15 96 9
15 97 10
15 98 11
15 99 12
16 17 1
16 18 2
16 19 3
16 20 7
16 21 6
16 22 5
16 24 3
16 25 2
16 26 1
16 27 2
16 29 4
16 30 8
16 31 7
16 32 6
16 33 5
16 34 4
16 35 3
16 37 3
16 38 4
16 39 5
16 40 9
16 41 8
16 42 7
16 43 6
16 44 5
16 46 3
16 47 4
16 48 5
16 49 6
16 50 10
16 52 8
16 54 6
16 55 5
16 56 4
16 57 5
16 60 11
16 61 10
16 63 8
16 65 6
16 67 6
16 68 7
16 69 8
16 71 11
16 72 10
16 73 9
16 74 8
16 76 6
16 78 8
16 80 13
16 82 11
16 83 10
16 84 9
16 85 8
16 86 7
16 88 9
16 89 10
16 90 14
16 91 13
16 92 12
16 94 10
16 95 9
16 96 8
16 97 9
16 98 10
16 99 11
17 18 1
17 19 2
17 20 8
17 21 7
17 22 6
17 24 4
17 25 3
17 26 2
17 27 1
17 29 3
17 30 9
17 31 8
17 32 7
17 33 6
17 34 5
17 35 4
17 37 2
17 38 3
17 39 4
17 40 10
17 41 9
17 42 8
17 43 7
17 44 6
17 46 4
17 47 3
17 48 4
17 49 5
17 50 11
17 52 9
17 54 7
17 55 6
17 56 5
17 57 4
17 60 12
17 61 11
17 63 9
17 65 7
17 67 5
17 68 6
17 69 7
17 71 12
17 72 11
17 73 10
17 74 9
17 76 7
17 78 7
17 80 14
17 82 12
17 83 11
17 84 10
17 85 9
17 86 8
17 88 8
17 89 9
17 90 15
17 91 14
17 92 13
17 94 11
17 95 10
17 96 9
17 97 8
17 98 9
17 99 10
18 19 1
18 20 9
18 21 8
18 22 7
18 24 5
18 25 4
18 26 3
18 27 2
18 29 2
18 30 10
18 31 9
18 32 8
18 33 7
18 34 6
18 35 5
18 37 3
18 38 2
18 39 3
18 40 11
18 41 10
18 42 9
18 43 8
18 44 7
18 46 5
18 47 4
18 48 3
18 49 4
18 50 12
18 52 10
18 54 8
18 55 7
18 56 6
18 57 5
18 60 13
18 61 12
18 63 10
18 65 8
18 67 6
18 68 5
18 69 6
18 71 13
18 72 12
18 73 11
18 74 10
18 76 8
18 78 6
18 80 15
18 82 13
18 83 12
18 84 11
18 85 10
18 86 9
18 88 7
18 89 8
18 90 16
18 91 15
18 92 14
18 94 12
18 95 11
18 96 10
18 97 9
18 98 8
18 99 9
19 20 10
19 21 9
19 22 8
19 24 6
19 25 5
19 26 4
19 27 3
19 29 1
19 30 11
19 31 10
19 32 9
19 33 8
19 34 7
19 35 6
19 37 4
19 38 3
19 39 2
19 40 12
19 41 11
19 42 10
19 43 9
19 44 8
19 46 6
19 47 5
19 48 4
19 49 3
19 50 13
19 52 11
19 54 9
19 55 8
19 56 7
19 57 6
19 60 14
19 61 13
19 63 11
19 65 9
19 67 7
19 68 6
19 69 5
19 71 14
19 72 13
19 73 12
19 74 11
19 76 9
19 78 7
19 80 16
19 82 14
19 83 13
19 84 12
19 85 11
19 86 10
19 88 8
19 89 7
19 90 17
19 91 16
19 92 15
19 94 13
19 95 12
19 96 11
19 97 10
19 98 9
19 99 8
20 21 1
20 22 2
20 24 4
20 25 5
20 26 6
20 27 7
20 29 9
20 30 1
20 31 2
20 32 3
20 33 4
20 34 5
20 35 6
20 37 8
20 38 9
20 39 10
20 40 2
20 41 3
20 42 4
20 43 5
20 44 6
20 46 8
20 47 9
20 48 10
20 49 11
20 50 3
20 52 5
20 54 7
20 55 8
20 56 9
20 57 10
20 60 4
20 61 5
20 63 7
20 65 9
20 67 11
20 68 12
20 69 13
20 71 6
20 72 7
20 73 8
20 74 9
20 76 11
20 78 13
20 80 6
20 82 8
20 83 9
20 84 10
20 85 11
20 86 12
20 88 14
20 89 15
20 90 7
20 91 8
20 92 9
20 94 11
20 95 12
20 96 13
20 97 14
20 98 15
20 99 16
21 22 1
21 24 3
21 25 4
21 26 5
21 27 6
21 29 8
21 30 2
21 31 1
21 32 2
21 33 3
21 34 4
21 35 5
21 37 7
21 38 8
21 39 9
21 40 3
21 41 2
21 42 3
21 43 4
21 44 5
21 46 7
21 47 8
21 48 9
21 49 10
21 50 4
21 52 4
21 54 6
21 55 7
21 56 8
21 57 9
21 60 5
21 61 4
21 63 6
21 65 8
21 67 10
21 68 11
21 69 12
21 71 5
21 72 6
21 73 7
21 74 8
21 76 10
21 78 12
21 80 7
21 82 7
21 83 8
21 84 9
21 85 10
21 86 11
21 88 13
21 89 14
21 90 8
21 91 7
21 92 8
21 94 10
21 95 11
21 96 12
21 97 13
21 98 14
21 99 15
22 24 2
22 25 3
22 26 4
22 27 5
22 29 7
22 30 3
22 31 2
22 32 1
22 33 2
22 34 3
22 35 4
22 37 6
22 38 7
22 39 8
22 40 4
22 41 3
22 42 2
22 43 3
22 44 4
22 46 6
22 47 7
22 48 8
22 49 9
22 50 5
22 52 3
22 54 5
22 55 6
22 56 7
22 57 8
22 60 6
22 61 5
22 63 5
22 65 7
22 67 9
22 68 10
22 69 11
22 71 6
22 72 5
22 73 6
22 74 7
22 76 9
22 78 11
22 80 8
22 82 6
22 83 7
22 84 8
22 85 9
22 86 10
22 88 12
22 89 13
22 90 9
22 91 8
22 92 7
22 94 9
22 95 10
22 96 11
22 97 12
22 98 13
22 99 14
24 25 1
24 26 2
24 27 3
24 29 5
24 30 5
24 31 4
24 32 3
24 33 2
24 34 1
24 35 2
24 37 4
24 38 5
24 39 6
24 40 6
24 41 5
24 42 4
24 43 3
24 44 2
24 46 4
24 47 5
24 48 6
24 49 7
24 50 7
24 52 5
24 54 3
24 55 4
24 56 5
24 57 6
24 60 8
24 61 7
24 63 5
24 65 5
24 67 7
24 68 8
24 69 9
24 71 8
24 72 7
24 73 6
24 74 5
24 76 7
24 78 9
24 80 10
24 82 8
24 83 7
24 84 6
24 85 7
24 86 8
24 88 10
24 89 11
24 90 11
24 91 10
24 92 9
24 94 7
24 95 8
24 96 9
24 97 10
24 98 11
24 99 12
25 26 1
25 27 2
25 29 4
25 30 6
25 31 5
25 32 4
25 33 3
25 34 2
25 35 1
25 37 3
25 38 4
25 39 5
25 40 7
25 41 6
25 42 5
25 43 4
25 44 3
25 46 3
25 47 4
25 48 5
25 49 6
25 50 8
25 52 6
25 54 4
25 55 3
25 56 4
25 57 5
25 60 9
25 61 8
25 63 6
25 65 4
25 67 6
25 68 7
25 69 8
25 71 9
25 72 8
25 73 7
25 74 6
25 76 6
25 78 8
25 80 11
25 82 9
25 83 8
25 84 7
25 85 6
25 86 7
25 88 9
25 89 10
25 90 12
25 91 11
25 92 10
25 94 8
25 95 7
25 96 8
25 97 9
25 98 10
25 99 11
26 27 1
26 29 3
26 30 7
26 31 6
26 32 5
26 33 4
26 34 3
26 35 2
26 37 2
26 38 3
26 39 4
26 40 8
26 41 7
26 42 6
26 43 5
26 44 4
26 46 2
26 47 3
26 48 4
26 49 5
26 50 9
26 52 7
26 54 5
26 55 4
26 56 3
26 57 4
26 60 10
26 61 9
26 63 7
26 65 5
26 67 5
26 68 6
26 69 7
26 71 10
26 72 9
26 73 8
26 74 7
26 76 5
26 78 7
26 80 12
26 82 10
26 83 9
26 84 8
26 85 7
26 86 6
26 88 8
26 89 9
26 90 13
26 91 12
26 92 11
26 94 9
26 95 8
26 96 7
26 97 8
26 98 9
26 99 10
27 29 2
27 30 8
27 31 7
27 32 6
27 33 5
27 34 4
27 35 3
27 37 1
27 38 2
27 39 3
27 40 9
27 41 8
27 42 7
27 43 6
27 44 5
27 46 3
27 47 2
27 48 3
27 49 4
27 50 10
27 52 8
27 54 6
27 55 5
27 56 4
27 57 3
27 60 11
27 61 10
27 63 8
27 65 6
27 67 4
27 68 5
27 69 6
27 71 11
27 72 10
27 73 9
27 74 8
27 76 6
27 78 6
27 80 13
27 82 11
27 83 10
27 84 9
27 85 8
27 86 7
27 88 7
27 89 8
27 90 14
27 91 13
27 92 12
27 94 10
27 95 9
27 96 8
27 97 7
27 98 8
27 99 9
29 30 10
29 31 9
29 32 8
29 33 7
29 34 6
29 35 5
29 37 3
29 38 2
29 39 1
29 40 11
29 41 10
29 42 9
29 43 8
29 44 7
29 46 5
29 47 4
29 48 3
29 49 2
29 50 12
29 52 10
29 54 8
29 55 7
29 56 6
29 57 5
29 60 13
29 61 12
29 63 10
29 65 8
29 67 6
29 68 5
29 69 4
29 71 13
29 72 12
29 73 11
29 74 10
29 76 8
29 78 6
29 80 15
29 82 13
29 83 12
29 84 11
29 85 10
29 86 9
29 88 7
29 89 6
29 90 16
29 91 15
29 92 14
29 94 12
29 95 11
29 96 10
29 97 9
29 98 8
29 99 7
30 31 1
30 32 2
30 33 3
30 34 4
30 35 5
30 37 7
30 38 8
30 39 9
30 40 1
30 41 2
30 42 3
30 43 4
30 44 5
30 46 7
30 47 8
30 48 9
30 49 10
30 50 2
30 52 4
30 54 6
30 55 7
30 56 8
30 57 9
30 60 3
30 61 4
30 63 6
30 65 8
30 67 10
30 68 11
30 69 12
30 71 5
30 72 6
30 73 7
30 74 8
30 76 10
30 78 12
30 80 5
30 82 7
30 83 8
30 84 9
30 85 10
30 86 11
30 88 13
30 89 14
30 90 6
30 91 7
30 92 8
30 94 10
30 95 11
30 96 12
30 97 13
30 98 14
30 99 15
31 32 1
31 33 2
31 34 3
31 35 4
31 37 6
31 38 7
31 39 8
31 40 2
31 41 1
31 42 2
31 43 3
31 44 4
31 46 6
31 47 7
31 48 8
31 49 9
31 50 3
31 52 3
31 54 5
31 55 6
31 56 7
31 57 8
31 60 4
31 61 3
31 63 5
31 65 7
31 67 9
31 68 10
31 69 11
31 71 4
31 72 5
31 73 6
31 74 7
31 76 9
31 78 11
31 80 6
31 82 6
31 83 7
31 84 8
31 85 9
31 86 10
31 88 12
31 89 13
31 90 7
31 91 6
31 92 7
31 94 9
31 95 10
31 96 11
31 97 12
31 98 13
31 99 14
32 33 1
32 34 2
32 35 3
32 37 5
32 38 6
32 39 7
32 40 3
32 41 2
32 42 1
32 43 2
32 44 3
32 46 5
32 47 6
32 48 7
32 49 8
32 50 4
32 52 2
32 54 4
32 55 5
32 56 6
32 57 7
32 60 5
32 61 4
32 63 4
32 65 6
32 67 8
32 68 9
32 69 10
32 71 5
32 72 4
32 73 5
32 74 6
32 76 8
32 78 10
32 80 7
32 82 5
32 83 6
32 84 7
32 85 8
32 86 9
32 88 11
32 89 12
32 90 8
32 91 7
32 92 6
32 94 8
32 95 9
32 96 10
32 97 11
32 98 12
32 99 13
33 34 1
33 35 2
33 37 4
33 38 5
33 39 6
33 40 4
33 41 3
33 42 2
33 43 1
33 44 2
33 46 4
33 47 5
33 48 6
33 49 7
33 50 5
33 52 3
33 54 3
33 55 4
33 56 5
33 57 6
33 60 6
33 61 5
33 63 3
33 65 5
33 67 7
33 68 8
33 69 9
33 71 6
33 72 5
33 73 4
33 74 5
33 76 7
33 78 9
33 80 8
33 82 6
33 83 5
33 84 6
33 85 7
33 86 8
33 88 10
33 89 11
33 90 9
33 91 8
33 92 7
33 94 7
33 95 8
33 96 9
33 97 10
33 98 11
33 99 12
34 35 1
34 37 3
34 38 4
34 39 5
34 40 5
34 41 4
34 42 3
34 43 2
34 44 1
34 46 3
34 47 4
34 48 5
34 49 6
34 50 6
34 52 4
34 54 2
34 55 3
34 56 4
34 57 5
34 60 7
34 61 6
34 63 4
34 65 4
34 67 6
34 68 7
34 69 8
34 71 7
34 72 6
34 73 5
34 74 4
34 76 6
34 78 8
34 80 9
34 82 7
34 83 6
34 84 5
34 85 6
34 86 7
34 88 9
34 89 10
34 90 10
34 91 9
34 92 8
34 94 6
34 95 7
34 96 8
34 97 9
34 98 10
34 99 11
35 37 2
35 38 3
35 39 4
35 40 6
35 41 5
35 42 4
35 43 3
35 44 2
35 46 2
35 47 3
35 48 4
35 49 5
35 50 7
35 52 5
35 54 3
35 55 2
35 56 3
35 57 4
35 60 8
35 61 7
35 63 5
35 65 3
35 67 5
35 68 6
35 69 7
35 71 8
35 72 7
35 73 6
35 74 5
35 76 5
35 78 7
35 80 10
35 82 8
35 83 7
35 84 6
35 85 5
35 86 6
35 88 8
35 89 9
35 90 11
35 91 10
35 92 9
35 94 7
35 95 6
35 96 7
35 97 8
35 98 9
35 99 10
37 38 1
37 39 2
37 40 8
37 41 7
37 42 6
37 43 5
37 44 4
37 46 2
37 47 1
37 48 2
37 49 3
37 50 9
37 52 7
37 54 5
37 55 4
37 56 3
37 57 2
37 60 10
37 61 9
37 63 7
37 65 5
37 67 3
37 68 4
37 69 5
37 71 10
37 72 9
37 73 8
37 74 7
37 76 5
37 78 5
37 80 12
37 82 10
37 83 9
37 84 8
37 85 7
37 86 6
37 88 6
37 89 7
37 90 13
37 91 12
37 92 11
37 94 9
37 95 8
37 96 7
37 97 6
37 98 7
37 99 8
38 39 1
38 40 9
38 41 8
38 42 7
38 43 6
38 44 5
38 46 3
38 47 2
38 48 1
38 49 2
38 50 10
38 52 8
38 54 6
38 55 5
38 56 4
38 57 3
38 60 11
38 61 10
38 63 8
38 65 6
38 67 4
38 68 3
38 69 4
38 71 11
38 72 10
38 73 9
38 74 8
38 76 6
38 78 4
38 80 13
38 82 11
38 83 10
38 84 9
38 85 8
38 86 7
38 88 5
38 89 6
38 90 14
38 91 13
38 92 12
38 94 10
38 95 9
38 96 8
38 97 7
38 98 6
38 99 7
39 40 10
39 41 9
39 42 8
39 43 7
39 44 6
39 46 4
39 47 3
39 48 2
39 49 1
39 50 11
39 52 9
39 54 7
39 55 6
39 56 5
39 57 4
39 60 12
39 61 11
39 63 9
39 65 7
39 67 5
39 68 4
39 69 3
39 71 12
39 72 11
39 73 10
39 74 9
39 76 7
39 78 5
39 80 14
39 82 12
39 83 11
39 84 10
39 85 9
39 86 8
39 88 6
39 89 5
39 90 15
39 91 14
39 92 13
39 94 11
39 95 10
39 96 9
39 97 8
39 98 7
39 99 6
40 41 1
40 42 2
40 43 3
40 44 4
40 46 6
40 47 7
40 48 8
40 49 9
40 50 1
40 52 3
40 54 5
40 55 6
40 56 7
40 57 8
40 60 2
40 61 3
40 63 5
40 65 7
40 67 9
40 68 10
40 69 11
40 71 4
40 72 5
40 73 6
40 74 7
40 76 9
40 78 11
40 80 4
40 82 6
40 83 7
40 84 8
40 85 9
40 86 10
40 88 12
40 89 13
40 90 5
40 91 6
40 92 7
40 94 9
40 95 10
40 96 11
40 97 12
40 98 13
40 99 14
41 42 1
41 43 2
41 44 3
41 46 5
41 47 6
41 48 7
41 49 8
41 50 2
41 52 2
41 54 4
41 55 5
41 56 6
41 57 7
41 60 3
41 61 2
41 63 4
41 65 6
41 67 8
41 68 9
41 69 10
41 71 3
41 72 4
41 73 5
41 74 6
41 76 8
41 78 10
41 80 5
41 82 5
41 83 6
41 84 7
41 85 8
41 86 9
41 88 11
41 89 12
41 90 6
41 91 5
41 92 6
41 94 8
41 95 9
41 96 10
41 97 11
41 98 12
41 99 13
42 43 1
42 44 2
42 46 4
42 47 5
42 48 6
42 49 7
42 50 3
42 52 1
42 54 3
42 55 4
42 56 5
42 57 6
42 60 4
42 61 3
42 63 3
42 65 5
42 67 7
42 68 8
42 69 9
42 71 4
42 72 3
42 73 4
42 74 5
42 76 7
42 78 9
42 80 6
42 82 4
42 83 5
42 84 6
42 85 7
42 86 8
42 88 10
42 89 11
42 90 7
42 91 6
42 92 5
42 94 7
42 95 8
42 96 9
42 97 10
42 98 11
42 99 12
43 44 1
43 46 3
43 47 4
43 48 5
43 49 6
43 50 4
43 52 2
43 54 2
43 55 3
43 56 4
43 57 5
43 60 5
43 61 4
43 63 2
43 65 4
43 67 6
43 68 7
43 69 8
43 71 5
43 72 4
43 73 3
43 74 4
43 76 6
43 78 8
43 80 7
43 82 5
43 83 4
43 84 5
43 85 6
43 86 7
43 88 9
43 89 10
43 90 8
43 91 7
43 92 6
43 94 6
43 95 7
43 96 8
43 97 9
43 98 10
43 99 11
44 46 2
44 47 3
44 48 4
44 49 5
44 50 5
44 52 3
44 54 1
44 55 2
44 56 3
44 57 4
44 60 6
44 61 5
44 63 3
44 65 3
44 67 5
44 68 6
44 69 7
44 71 6
44 72 5
44 73 4
44 74 3
44 76 5
44 78 7
44 80 8
44 82 6
44 83 5
44 84 4
44 85 5
44 86 6
44 88 8
44 89 9
44 90 9
44 91 8
44 92 7
44 94 5
44 95 6
44 96 7
44 97 8
44 98 9
44 99 10
46 47 1
46 48 2
46 49 3
46 50 7
46 52 5
46 54 3
46 55 2
46 56 1
46 57 2
46 60 8
46 61 7
46 63 5
46 65 3
46 67 3
46 68 4
46 69 5
46 71 8
46 72 7
46 73 6
46 74 5
46 76 3
46 78 5
46 80 10
46 82 8
46 83 7
46 84 6
46 85 5
46 86 4
46 88 6
46 89 7
46 90 11
46 91 10
46 92 9
46 94 7
46 95 6
46 96 5
46 97 6
46 98 7
46 99 8
47 48 1
47 49 2
47 50 8
47 52 6
47 54 4
47 55 3
47 56 2
47 57 1
47 60 9
47 61 8
47 63 6
47 65 4
47 67 2
47 68 3
47 69 4
47 71 9
47 72 8
47 73 7
47 74 6
47 76 4
47 78 4
47 80 11
47 82 9
47 83 8
47 84 7
47 85 6
47 86 5
47 88 5
47 89 6
47 90 12
47 91 11
47 92 10
47 94 8
47 95 7
47 96 6
47 97 5
47 98 6
47 99 7
48 49 1
48 50 9
48 52 7
48 54 5
48 55 4
48 56 3
48 57 2
48 60 10
48 61 9
48 63 7
48 65 5
48 67 3
48 68 2
48 69 3
48 71 10
48 72 9
48 73 8
48 74 7
48 76 5
48 78 3
48 80 12
48 82 10
48 83 9
48 84 8
48 85 7
48 86 6
48 88 4
48 89 5
48 90 13
48 91 12
48 92 11
48 94 9
48 95 8
48 96 7
48 97 6
48 98 5
48 99 6
49 50 10
49 52 8
49 54 6
49 55 5
49 56 4
49 57 3
49 60 11
49 61 10
49 63 8
49 65 6
49 67 4
49 68 3
49 69 2
49 71 11
49 72 10
49 73 9
49 74 8
49 76 6
49 78 4
49 80 13
49 82 11
49 83 10
49 84 9
49 85 8
49 86 7
49 88 5
49 89 4
49 90 14
49 91 13
49 92 12
49 94 10
49 95 9
49 96 8
49 97 7
49 98 6
49 99 5
50 52 2
50 54 4
50 55 5
50 56 6
50 57 7
50 60 1
50 61 2
50 63 4
50 65 6
50 67 8
50 68 9
50 69 10
50 71 3
50 72 4
50 73 5
50 74 6
50 76 8
50 78 10
50 80 3
50 82 5
50 83 6
50 84 7
50 85 8
50 86 9
50 88 11
50 89 12
50 90 4
50 91 5
50 92 6
50 94 8
50 95 9
50 96 10
50 97 11
50 98 12
50 99 13
52 54 2
52 55 3
52 56 4
52 57 5
52 60 3
52 61 2
52 63 2
52 65 4
52 67 6
52 68 7
52 69 8
52 71 3
52 72 2
52 73 3
52 74 4
52 76 6
52 78 8
52 80 5
52 82 3
52 83 4
52 84 5
52 85 6
52 86 7
52 88 9
52 89 10
52 90 6
52 91 5
52 92 4
52 94 6
52 95 7
52 96 8
52 97 9
52 98 10
52 99 11
54 55 1
54 56 2
54 57 3
54 60 5
54 61 4
54 63 2
54 65 2
54 67 4
54 68 5
54 69 6
54 71 5
54 72 4
54 73 3
54 74 2
54 76 4
54 78 6
54 80 7
54 82 5
54 83 4
54 84 3
54 85 4
54 86 5
54 88 7
54 89 8
54 90 8
54 91 7
54 92 6
54 94 4
54 95 5
54 96 6
54 97 7
54 98 8
54 99 9
55 56 1
55 57 2
55 60 6
55 61 5
55 63 3
55 65 1
55 67 3
55 68 4
55 69 5
55 71 6
55 72 5
55 73 4
55 74 3
55 76 3
55 78 5
55 80 8
55 82 6
55 83 5
55 84 4
55 85 3
55 86 4
55 88 6
55 89 7
55 90 9
55 91 8
55 92 7
55 94 5
55 95 4
55 96 5
55 97 6
55 98 7
55 99 8
56 57 1
56 60 7
56 61 6
56 63 4
56 65 2
56 67 2
56 68 3
56 69 4
56 71 7
56 72 6
56 73 5
56 74 4
56 76 2
56 78 4
56 80 9
56 82 7
56 83 6
56 84 5
56 85 4
56 86 3
56 88 5
56 89 6
56 90 10
56 91 9
56 92 8
56 94 6
56 95 5
56 96 4
56 97 5
56 98 6
56 99 7
57 60 8
57 61 7
57 63 5
57 65 3
57 67 1
57 68 2
57 69 3
57 71 8
57 72 7
57 73 6
57 74 5
57 76 3
57 78 3
57 80 10
57 82 8
57 83 7
57 84 6
57 85 5
57 86 4
57 88 4
57 89 5
57 90 11
57 91 10
57 92 9
57 94 7
57 95 6
57 96 5
57 97 4
57 98 5
57 99 6
60 61 1
60 63 3
60 65 5
60 67 7
60 68 8
60 69 9
60 71 2
60 72 3
60 73 4
60 74 5
60 76 7
60 78 9
60 80 2
60 82 4
60 83 5
60 84 6
60 85 7
60 86 8
60 88 10
60 89 11
60 90 3
60 91 4
60 92 5
60 94 7
60 95 8
60 96 9
60 97 10
60 98 11
60 99 12
61 63 2
61 65 4
61 67 6
61 68 7
61 69 8
61 71 1
61 72 2
61 73 3
61 74 4
61 76 6
61 78 8
61 80 3
61 82 3
61 83 4
61 84 5
61 85 6
61 86 7
61 88 9
61 89 10
61 90 4
61 91 3
61 92 4
61 94 6
61 95 7
61 96 8
61 97 9
61 98 10
61 99 11
63 65 2
63 67 4
63 68 5
63 69 6
63 71 3
63 72 2
63 73 1
63 74 2
63 76 4
63 78 6
63 80 5
63 82 3
63 83 2
63 84 3
63 85 4
63 86 5
63 88 7
63 89 8
63 90 6
63 91 5
63 92 4
63 94 4
63 95 5
63 96 6
63 97 7
63 98 8
63 99 9
65 67 2
65 68 3
65 69 4
65 71 5
65 72 4
65 73 3
65 74 2
65 76 2
65 78 4
65 80 7
65 82 5
65 83 4
65 84 3
65 85 2
65 86 3
65 88 5
65 89 6
65 90 8
65 91 7
65 92 6
65 94 4
65 95 3
65 96 4
65 97 5
65 98 6
65 99 7
67 68 1
67 69 2
67 71 7
67 72 6
67 73 5
67 74 4
67 76 2
67 78 2
67 80 9
67 82 7
67 83 6
67 84 5
67 85 4
67 86 3
67 88 3
67 89 4
67 90 10
67 91 9
67 92 8
67 94 6
67 95 5
67 96 4
67 97 3
67 98 4
67 99 5
68 69 1
68 71 8
68 72 7
68 73 6
68 74 5
68 76 3
68 78 1
68 80 10
68 82 8
68 83 7
68 84 6
68 85 5
68 86 4
68 88 2
68 89 3
68 90 11
68 91 10
68 92 9
68 94 7
68 95 6
68 96 5
68 97 4
68 98 3
68 99 4
69 71 9
69 72 8
69 73 7
69 74 6
69 76 4
69 78 2
69 80 11
69 82 9
69 83 8
69 84 7
69 85 6
69 86 5
69 88 3
69 89 2
69 90 12
69 91 11
69 92 10
69 94 8
69 95 7
69 96 6
69 97 5
69 98 4
69 99 3
71 72 1
71 73 2
71 74 3
71 76 5
71 78 7
71 80 2
71 82 2
71 83 3
71 84 4
71 85 5
71 86 6
71 88 8
71 89 9
71 90 3
71 91 2
71 92 3
71 94 5
71 95 6
71 96 7
71 97 8
71 98 9
71 99 10
72 73 1
72 74 2
72 76 4
72 78 6
72 80 3
72 82 1
72 83 2
72 84 3
72 85 4
72 86 5
72 88 7
72 89 8
72 90 4
72 91 3
72 92 2
72 94 4
72 95 5
72 96 6
72 97 7
72 98 8
72 99 9
73 74 1
73 76 3
73 78 5
73 80 4
73 82 2
73 83 1
73 84 2
73 85 3
73 86 4
73 88 6
73 89 7
73 90 5
73 91 4
73 92 3
73 94 3
73 95 4
73 96 5
73 97 6
73 98 7
73 99 8
74 76 2
74 78 4
74 80 5
74 82 3
74 83 2
74 84 1
74 85 2
74 86 3
74 88 5
74 89 6
74 90 6
74 91 5
74 92 4
74 94 2
74 95 3
74 96 4
74 97 5
74 98 6
74 99 7
76 78 2
76 80 7
76 82 5
76 83 4
76 84 3
76 85 2
76 86 1
76 88 3
76 89 4
76 90 8
76 91 7
76 92 6
76 94 4
76 95 3
76 96 2
76 97 3
76 98 4
76 99 5
78 80 9
78 82 7
78 83 6
78 84 5
78 85 4
78 86 3
78 88 1
78 89 2
78 90 10
78 91 9
78 92 8
78 94 6
78 95 5
78 96 4
78 97 3
78 98 2
78 99 3
80 82 2
80 83 3
80 84 4
80 85 5
80 86 6
80 88 8
80 89 9
80 90 1
80 91 2
80 92 3
80 94 5
80 95 6
80 96 7
80 97 8
80 98 9
80 99 10
82 83 1
82 84 2
82 85 3
82 86 4
82 88 6
82 89 7
82 90 3
82 91 2
82 92 1
82 94 3
82 95 4
82 96 5
82 97 6
82 98 7
82 99 8
83 84 1
83 85 2
83 86 3
83 88 5
83 89 6
83 90 4
83 91 3
83 92 2
83 94 2
83 95 3
83 96 4
83 97 5
83 98 6
83 99 7
84 85 1
84 86 2
84 88 4
84 89 5
84 90 5
84 91 4
84 92 3
84 94 1
84 95 2
84 96 3
84 97 4
84 98 5
84 99 6
85 86 1
85 88 3
85 89 4
85 90 6
85 91 5
85 92 4
85 94 2
85 95 1
85 96 2
85 97 3
85 98 4
85 99 5
86 88 2
86 89 3
86 90 7
86 91 6
86 92 5
86 94 3
86 95 2
86 96 1
86 97 2
86 98 3
86 99 4
88 89 1
88 90 9
88 91 8
88 92 7
88 94 5
88 95 4
88 96 3
88 97 2
88 98 1
88 99 2
89 90 10
89 91 9
89 92 8
89 94 6
89 95 5
89 96 4
89 97 3
89 98 2
89 99 1
90 91 1
90 92 2
90 94 4
90 95 5
90 96 6
90 97 7
90 98 8
90 99 9
91 92 1
91 94 3
91 95 4
91 96 5
91 97 6
91 98 7
91 99 8
92 94 2
92 95 3
92 96 4
92 97 5
92 98 6
92 99 7
94 95 1
94 96 2
94 97 3
94 98 4
94 99 5
95 96 1
95 97 2
95 98 3
95 99 4
96 97 1
96 98 2
96 99 3
97 98 1
97 99 2
98 99 1
0 1 4
0 2 3
0 3 2
0 4 1
0 5 0
0 6 1
0 7 4
0 8 4
0 9 4
0 10 3
0 11 4
0 12 2
0 13 4
0 14 0
0 15 1
0 16 2
0 17 1
0 18 3
0 19 0
1 2 3
1 3 3
1 4 4
1 5 3
1 6 4
1 7 2
1 8 1
1 9 3
1 10 4
1 11 0
1 12 0
1 13 3
1 14 4
1 15 4
1 16 0
1 17 1
1 18 4
1 19 1
2 3 1
2 4 3
2 5 0
2 6 0
2 7 2
2 8 2
2 9 4
2 10 3
2 11 4
2 12 2
2 13 0
2 14 3
2 15 3
2 16 3
2 17 2
2 18 2
2 19 1
3 4 2
3 5 4
3 6 3
3 7 1
3 8 4
3 9 3
3 10 1
3 11 2
3 12 3
3 13 0
3 14 2
3 15 4
3 16 0
3 17 4
3 18 0
3 19 4
4 5 4
4 6 1
4 7 2
4 8 2
4 9 1
4 10 0
4 11 2
4 12 3
4 13 0
4 14 0
4 15 1
4 16 3
4 17 3
4 18 3
4 19 0
5 6 0
5 7 3
5 8 3
5 9 1
5 10 2
5 11 2
5 12 3
5 13 0
5 14 0
5 15 3
5 16 3
5 17 0
5 18 4
5 19 2
6 7 1
6 8 3
6 9 1
6 10 2
6 11 1
6 12 4
6 13 3
6 14 1
6 15 1
6 16 1
6 17 2
6 18 2
6 19 3
7 8 0
7 9 1
7 10 2
7 11 1
7 12 1
7 13 1
7 14 0
7 15 3
7 16 4
7 17 2
7 18 1
7 19 4
8 9 3
8 10 0
8 11 2
8 12 3
8 13 0
8 14 4
8 15 4
8 16 3
8 17 1
8 18 2
8 19 0
9 10 1
9 11 0
9 12 1
9 13 2
9 14 2
9 15 4
9 16 0
9 17 1
9 18 0
9 19 2
10 11 3
10 12 1
10 13 3
10 14 4
10 15 1
10 16 2
10 17 4
10 18 4
10 19 3
11 12 3
11 13 3
11 14 4
11 15 1
11 16 1
11 17 4
11 18 1
11 19 1
12 13 3
12 14 3
12 15 3
12 16 3
12 17 4
12 18 3
12 19 0
13 14 2
13 15 1
13 16 4
13 17 2
13 18 2
13 19 0
14 15 4
14 16 1
14 17 1
14 18 3
14 19 1
15 16 3
15 17 1
15 18 0
15 19 3
16 17 0
16 18 4
16 19 1
17 18 4
17 19 0
18 19 2
